maps/GHG_500.asc
NCOLS 495 
NROWS 205 
XLLCORNER 16750.0004 
YLLCORNER 147750.0002 
CELLSIZE 500 
NODATA_value -9999 
[rows 160 to 179 of 205, columns 276 to 321 of 495]
-9999 -9999 -9999 -9999 -1159.142578125 -908.462280273438 -1144.09228515625 -1144.09228515625 -843.432250976562 -1098.49108886719 -1319.13623046875 -1039.22607421875 -901.875427246094 -1254.60021972656 -1868.92297363281 -1689.02807617188 -1689.02807617188 -1970.7177734375 -1866.79541015625 -922.433349609375 -682.864562988281 -1745.20251464844 -2337.11694335938 -2155.52880859375 -2048.38012695312 -2048.38012695312 -1648.74938964844 -1888.16259765625 -788.279541015625 -66.0747833251953 -62.5104904174805 -246.407196044922 -920.839538574219 -1161.86413574219 -1161.86413574219 -2132.01831054688 -1342.7001953125 -1078.78576660156 -1289.88061523438 -942.075317382812 -974.512939453125 -1459.64855957031 -1012.51007080078 -1012.51007080078 -235.575973510742 -139.846694946289
-9999 -9999 -9999 -9999 -1079.84436035156 -1055.47045898438 -1010.94799804688 -1010.94799804688 -769.458862304688 -1044.51818847656 -1089.06909179688 -925.329345703125 -1177.47009277344 -1087.37585449219 -1312.07861328125 -1960.71691894531 -1960.71691894531 -522.947875976562 -530.505737304688 -903.84423828125 -1588.41613769531 -1897.15063476562 -2385.64624023438 -2261.4912109375 -2223.57861328125 -2223.57861328125 -1156.24877929688 -798.372009277344 -186.200317382812 -44.0695762634277 -582.4501953125 -1420.82678222656 -1751.14880371094 -1989.91320800781 -1989.91320800781 -1674.9619140625 -1643.52087402344 -1346.91479492188 -1651.73876953125 -1752.06335449219 -1565.46557617188 -1280.75646972656 -1244.25769042969 -1244.25769042969 -180.874526977539 -243.411407470703
-9999 -9999 -9999 -9999 -1487.90112304688 -1219.955078125 -860.618591308594 -860.618591308594 -1204.09350585938 -974.701599121094 -928.916381835938 -914.185424804688 -1059.72888183594 -456.485412597656 -318.041778564453 -549.192993164062 -549.192993164062 -907.652404785156 -957.498107910156 -1737.40905761719 -2084.56274414062 -2086.927734375 -2112.50634765625 -2101.93872070312 -1591.18676757812 -1591.18676757812 -1707.19506835938 -969.042358398438 -102.102592468262 -87.5845031738281 -1501.03784179688 -2203.20825195312 -2113.43017578125 -1619.86975097656 -1619.86975097656 -1031.16076660156 -967.604675292969 -1286.72619628906 -1776.94458007812 -2302.970703125 -1846.61169433594 -1740.71264648438 -1296.65966796875 -1296.65966796875 -130.075866699219 -272.290374755859
-9999 -9999 -9999 -9999 -1792.26196289062 -963.201721191406 -1122.9052734375 -1122.9052734375 -1124.10339355469 -791.241088867188 -499.272644042969 -518.759765625 -697.480529785156 -1178.38854980469 -596.803344726562 -1561.18139648438 -1561.18139648438 -1696.78466796875 -1484.2626953125 -2164.64526367188 -2364.26977539062 -1466.57019042969 -1631.76599121094 -1939.62182617188 -1955.26391601562 -1955.26391601562 -1959.26708984375 -1016.0146484375 -87.5433807373047 -55.5719375610352 -698.4697265625 -1384.40905761719 -1158.15979003906 -965.999694824219 -965.999694824219 -791.022155761719 -641.361450195312 -774.873352050781 -1255.55847167969 -1531.1806640625 -2171.1875 -2249.1865234375 -1440.50817871094 -1440.50817871094 -497.550964355469 -288.248229980469
-9999 -9999 -1250.45288085938 -1367.28942871094 -1028.36254882812 -1383.58642578125 -1120.16955566406 -1120.16955566406 -1077.08862304688 -1007.97448730469 -696.341613769531 -1461.20397949219 -1609.18310546875 -1120.23181152344 -1671.90197753906 -1633.32727050781 -1633.32727050781 -1961.32299804688 -2021.18908691406 -2122.61767578125 -1111.88037109375 -1529.62316894531 -1646.02551269531 -714.251281738281 -933.457580566406 -933.457580566406 -878.578918457031 -193.24836730957 -51.0241012573242 -42.552848815918 -632.8623046875 -1646.77575683594 -1957.2041015625 -1784.935546875 -1784.935546875 -1575.86047363281 -1376.52404785156 -1462.49841308594 -1234.02465820312 -1094.86938476562 -1289.62939453125 -1418.57495117188 -1715.892578125 -1715.892578125 -1216.87194824219 -380.16748046875
-9999 -9999 -1250.45288085938 -1367.28942871094 -1028.36254882812 -1383.58642578125 -1120.16955566406 -1120.16955566406 -1077.08862304688 -1007.97448730469 -696.341613769531 -1461.20397949219 -1609.18310546875 -1120.23181152344 -1671.90197753906 -1633.32727050781 -1633.32727050781 -1961.32299804688 -2021.18908691406 -2122.61767578125 -1111.88037109375 -1529.62316894531 -1646.02551269531 -714.251281738281 -933.457580566406 -933.457580566406 -878.578918457031 -193.24836730957 -51.0241012573242 -42.552848815918 -632.8623046875 -1646.77575683594 -1957.2041015625 -1784.935546875 -1784.935546875 -1575.86047363281 -1376.52404785156 -1462.49841308594 -1234.02465820312 -1094.86938476562 -1289.62939453125 -1418.57495117188 -1715.892578125 -1715.892578125 -1216.87194824219 -380.16748046875
-9999 -1984.111328125 -1589.63989257812 -1165.09814453125 -1065.35754394531 -1159.86474609375 -1268.09094238281 -1268.09094238281 -1055.80493164062 -1083.7734375 -1122.35998535156 -1111.16149902344 -1748.87109375 -1598.29016113281 -2355.2958984375 -2276.87890625 -2276.87890625 -1818.41320800781 -1300.57446289062 -1262.75524902344 -1679.05310058594 -2389.5576171875 -2162.2197265625 -2159.79736328125 -788.201843261719 -788.201843261719 -312.978820800781 -117.626792907715 -25.5200748443604 -59.4504585266113 -574.346435546875 -1379.71545410156 -1414.3134765625 -1551.26403808594 -1551.26403808594 -1492.87390136719 -1407.26965332031 -1483.84399414062 -1572.974609375 -1474.49401855469 -1835.31921386719 -1831.814453125 -1841.56701660156 -1841.56701660156 -1209.75903320312 -631.537353515625
-9999 -2130.95263671875 -1676.76782226562 -1232.02587890625 -1324.95886230469 -1023.27423095703 -1077.62707519531 -1077.62707519531 -1160.39013671875 -1408.021484375 -1916.63439941406 -1690.1142578125 -1959.166015625 -1862.919921875 -1813.55029296875 -2087.93139648438 -2087.93139648438 -2011.78894042969 -1769.03576660156 -1667.54528808594 -1641.39636230469 -1780.87182617188 -1268.62072753906 -1166.96594238281 -706.1455078125 -706.1455078125 -1350.28515625 -227.599746704102 -30.92165184021 -64.3622436523438 -883.405456542969 -1583.68566894531 -1724.82080078125 -2111.12109375 -2111.12109375 -1706.04296875 -1576.43835449219 -1747.95910644531 -1618.42333984375 -1634.21398925781 -1288.81701660156 -823.896118164062 -1400.63671875 -1400.63671875 -2148.53637695312 -1502.37316894531
-9999 -9999 -1693.06909179688 -1078.51391601562 -972.765197753906 -944.268798828125 -1068.41772460938 -1068.41772460938 -1238.72619628906 -1955.62365722656 -1818.56079101562 -2163.79296875 -1905.43469238281 -2303.28076171875 -2162.16040039062 -1901.08618164062 -1901.08618164062 -2166.283203125 -2221.17041015625 -1738.69458007812 -2116.94262695312 -2186.07788085938 -1867.01208496094 -662.239624023438 -529.637023925781 -529.637023925781 -1681.91357421875 -136.274291992188 -50.5168609619141 -95.6223297119141 -649.155639648438 -2204.818359375 -2175.64379882812 -1921.4287109375 -1921.4287109375 -1780.458984375 -2286.28125 -2189.4150390625 -1406.12927246094 -997.189208984375 -875.359191894531 -1094.50354003906 -1292.32360839844 -1292.32360839844 -9999 -2316.41430664062
-9999 -9999 -9999 -1172.41101074219 -1070.46252441406 -1093.81591796875 -1056.70361328125 -1056.70361328125 -1427.20837402344 -1993.49780273438 -2076.0693359375 -2224.74340820312 -2225.0595703125 -2318.544921875 -1508.77954101562 -1201.37963867188 -1201.37963867188 -2131.74755859375 -2079.18115234375 -2181.87915039062 -2387.59521484375 -2204.90771484375 -1027.73034667969 -369.747406005859 -1584.08276367188 -1584.08276367188 -921.0751953125 -93.9918365478516 -42.1333541870117 -76.3117294311523 -738.337890625 -2361.54418945312 -1557.82763671875 -1820.55139160156 -1820.55139160156 -2278.01489257812 -1944.14270019531 -1359.06115722656 -992.729736328125 -1318.31726074219 -1471.8173828125 -9999 -9999 -9999 -9999 -9999
-9999 -9999 -9999 -9999 -9999 -1094.25646972656 -1199.79797363281 -1199.79797363281 -2136.84545898438 -2356.77709960938 -2230.55200195312 -2212.06762695312 -1953.49340820312 -1633.57775878906 -1419.90893554688 -947.7734375 -947.7734375 -1688.00463867188 -2369.17578125 -2474.65966796875 -2168.578125 -2163.70385742188 -1047.81713867188 -408.620941162109 -1823.18798828125 -1823.18798828125 -341.301818847656 -68.750129699707 -60.4601364135742 -54.2930755615234 -292.691131591797 -1258.55993652344 -1554.97082519531 -2598.37231445312 -2598.37231445312 -2198.40161132812 -2161.072265625 -911.821166992188 -336.831939697266 -2245.12524414062 -2270.82885742188 -9999 -9999 -9999 -9999 -9999
-9999 -9999 -9999 -9999 -1311.57971191406 -1330.833984375 -1355.51745605469 -1355.51745605469 -1887.09899902344 -1788.84887695312 -1868.69018554688 -2084.14135742188 -1964.73083496094 -2066.42260742188 -2509.67724609375 -2009.14685058594 -2009.14685058594 -1381.63171386719 -2181.10302734375 -1547.40612792969 -674.017578125 -903.017578125 -568.662719726562 -1664.12683105469 -2336.9453125 -2336.9453125 -289.629028320312 -68.8491744995117 -65.2467575073242 -91.3459243774414 -9999 -9999 -1940.63488769531 -2581.74194335938 -2581.74194335938 -2356.4931640625 -2255.96142578125 -947.493774414062 -177.963607788086 -2257.40185546875 -9999 -9999 -9999 -9999 -9999 -9999
-9999 -9999 -1303.84765625 -1066.48657226562 -1165.810546875 -1912.05847167969 -2017.04174804688 -2017.04174804688 -1968.3564453125 -2042.99548339844 -1947.12329101562 -1730.98193359375 -2096.73413085938 -2353.36889648438 -2431.65991210938 -2301.125 -2301.125 -398.603424072266 -778.335815429688 -621.844116210938 -490.956390380859 -962.5263671875 -2160.70434570312 -2238.12231445312 -1754.74975585938 -1754.74975585938 -108.649108886719 -165.381103515625 -58.3076667785645 -52.0426025390625 -9999 -9999 -9999 -9999 -9999 -9999 -9999 -9999 -9999 -9999 -9999 -9999 -9999 -9999 -9999 -9999
-1435.24536132812 -1510.318359375 -1689.28491210938 -2059.97241210938 -1733.27282714844 -2296.68139648438 -2374.41748046875 -2374.41748046875 -2330.404296875 -1946.46813964844 -2120.33056640625 -2172.54370117188 -2420.33666992188 -2430.7490234375 -2355.21362304688 -1229.67333984375 -1229.67333984375 -1274.6435546875 -2521.50561523438 -2122.71459960938 -1981.76220703125 -2484.63549804688 -2339.52368164062 -1574.80346679688 -732.129028320312 -732.129028320312 -269.819274902344 -321.547973632812 -107.465538024902 -39.5136528015137 -9999 -9999 -9999 -9999 -9999 -9999 -9999 -9999 -9999 -9999 -9999 -9999 -9999 -9999 -9999 -9999
-1435.24536132812 -1510.318359375 -1689.28491210938 -2059.97241210938 -1733.27282714844 -2296.68139648438 -2374.41748046875 -2374.41748046875 -2330.404296875 -1946.46813964844 -2120.33056640625 -2172.54370117188 -2420.33666992188 -2430.7490234375 -2355.21362304688 -1229.67333984375 -1229.67333984375 -1274.6435546875 -2521.50561523438 -2122.71459960938 -1981.76220703125 -2484.63549804688 -2339.52368164062 -1574.80346679688 -732.129028320312 -732.129028320312 -269.819274902344 -321.547973632812 -107.465538024902 -39.5136528015137 -9999 -9999 -9999 -9999 -9999 -9999 -9999 -9999 -9999 -9999 -9999 -9999 -9999 -9999 -9999 -9999
-2034.08251953125 -1447.69592285156 -1618.18688964844 -2524.369140625 -1745.73461914062 -2230.71215820312 -2102.51489257812 -2102.51489257812 -1921.70788574219 -1402.86669921875 -1729.09838867188 -2124.86743164062 -1936.50622558594 -1449.82849121094 -839.519165039062 -706.881469726562 -706.881469726562 -2330.16284179688 -2399.61767578125 -2225.54907226562 -2251.30883789062 -2244.55029296875 -1877.32385253906 -495.486389160156 -127.952842712402 -127.952842712402 -424.814270019531 -324.118927001953 -176.482070922852 -9999 -9999 -9999 -9999 -9999 -9999 -9999 -9999 -9999 -9999 -9999 -9999 -9999 -9999 -9999 -9999 -9999
-1291.08276367188 -1206.49365234375 -808.393859863281 -1673.11450195312 -1118.27282714844 -706.452575683594 -633.706787109375 -633.706787109375 -571.666748046875 -560.110900878906 -634.306457519531 -717.977294921875 -631.011535644531 -1117.11352539062 -1075.54760742188 -1858.56945800781 -1858.56945800781 -2029.42749023438 -2248.80102539062 -1909.10327148438 -2330.06030273438 -2491.67822265625 -1343.49755859375 -209.731262207031 -165.636276245117 -165.636276245117 -1214.93786621094 -615.821105957031 -112.869148254395 -25.3531646728516 -9999 -9999 -9999 -9999 -9999 -9999 -9999 -9999 -9999 -9999 -9999 -9999 -9999 -9999 -9999 -9999
-2084.91748046875 -1737.80712890625 -1495.91027832031 -1746.94873046875 -1025.97692871094 -1196.87866210938 -1385.07348632812 -1385.07348632812 -1825.57080078125 -1755.03271484375 -1022.20568847656 -2282.779296875 -2078.59228515625 -2257.69067382812 -1914.94885253906 -2228.37451171875 -2228.37451171875 -2181.63500976562 -1074.56335449219 -967.810791015625 -1541.53503417969 -968.050842285156 -283.954254150391 -125.098510742188 -517.18359375 -517.18359375 -1455.37658691406 -461.5859375 -125.783012390137 -25.9709320068359 -9999 -9999 -9999 -9999 -9999 -9999 -9999 -9999 -9999 -9999 -9999 -9999 -9999 -9999 -9999 -9999
-1959.04064941406 -2158.37133789062 -1412.04382324219 -2195.16381835938 -1564.92468261719 -2218.22900390625 -2127.45043945312 -2127.45043945312 -2344.48803710938 -2269.39892578125 -1425.10021972656 -1916.52978515625 -2290.94091796875 -2159.98168945312 -1952.06066894531 -1707.74560546875 -1707.74560546875 -1710.70092773438 -1653.03137207031 -833.323303222656 -310.047088623047 -186.436126708984 -9999 -315.862487792969 -687.745361328125 -687.745361328125 -1641.47314453125 -505.854614257812 -452.143585205078 -199.841094970703 -150.662536621094 -9999 -9999 -9999 -9999 -9999 -9999 -9999 -9999 -9999 -9999 -9999 -9999 -9999 -9999 -9999
-2266.16235351562 -2079.39404296875 -1829.53125 -2255.41088867188 -2552.07397460938 -2358.65649414062 -2427.7392578125 -2427.7392578125 -2174.24951171875 -2022.37915039062 -2007.54711914062 -1797.41052246094 -1971.07739257812 -1766.91442871094 -1761.400390625 -1960.43664550781 -1960.43664550781 -386.92822265625 -562.302734375 -350.954559326172 -413.354797363281 -9999 -9999 -804.465576171875 -738.709655761719 -738.709655761719 -840.850952148438 -1064.60339355469 -1557.12255859375 -1791.7822265625 -681.11865234375 -9999 -9999 -9999 -9999 -9999 -9999 -9999 -9999 -9999 -9999 -9999 -9999 -9999 -9999 -9999
