maps/GHG_500.asc
NCOLS 495 
NROWS 205 
XLLCORNER 16750.0004 
YLLCORNER 147750.0002 
CELLSIZE 500 
NODATA_value -9999 
[rows 120 to 139 of 205, columns 0 to 45 of 495]
-9999 -9999 -9999 -9999 -9999 -9999 -9999 -9999 -9999 -9999 -9999 -9999 -9999 -9999 -85.9563369750977 -55.845832824707 -95.4613723754883 -92.1999282836914 -89.0928344726562 -105.54264831543 -155.735641479492 -143.286514282227 -143.286514282227 -148.69563293457 -160.078689575195 -152.439666748047 -136.903671264648 -116.533134460449 -96.4082794189453 -62.3624229431152 -61.7795753479004 -61.7795753479004 -81.156120300293 -113.472442626953 -118.992607116699 -119.878372192383 -66.0929870605469 -63.7072792053223 -66.0983276367188 -72.9726638793945 -72.9726638793945 -59.4082984924316 -68.5747451782227 -60.0440673828125 -72.9598846435547 -75.1136169433594
-9999 -9999 -9999 -9999 -9999 -9999 -9999 -9999 -9999 -9999 -9999 -9999 -9999 -9999 -23.2669887542725 -24.003963470459 -59.2552146911621 -50.172492980957 -55.6074905395508 -63.4503974914551 -84.4073257446289 -98.4039688110352 -98.4039688110352 -109.859214782715 -113.723487854004 -102.456840515137 -101.22974395752 -110.785758972168 -119.918601989746 -98.629280090332 -95.4078903198242 -95.4078903198242 -101.758262634277 -137.60954284668 -141.414642333984 -145.817428588867 -59.5779724121094 -27.692892074585 -26.0562191009521 -47.6646499633789 -47.6646499633789 -59.4211578369141 -56.5295677185059 -67.2651214599609 -41.5485610961914 -74.1466064453125
-9999 -9999 -9999 -9999 -9999 -9999 -9999 -9999 -9999 -9999 -9999 -9999 -9999 -9999 -9999 -65.4599075317383 -67.6701202392578 -76.3714981079102 -109.589721679688 -117.412590026855 -105.9345703125 -101.720397949219 -101.720397949219 -99.2203750610352 -100.787353515625 -98.7467956542969 -104.501426696777 -107.993461608887 -96.8215866088867 -115.418754577637 -124.495826721191 -124.495826721191 -116.957183837891 -142.511077880859 -181.170761108398 -135.385650634766 -42.7434616088867 -32.0035171508789 -23.0995044708252 -52.082447052002 -52.082447052002 -52.967601776123 -63.9877548217773 -78.89404296875 -75.935432434082 -84.2588424682617
-9999 -9999 -9999 -9999 -9999 -9999 -9999 -9999 -9999 -9999 -9999 -9999 -9999 -9999 -9999 -9999 -27.6420364379883 -73.6364822387695 -96.2593307495117 -92.777946472168 -118.15119934082 -123.79549407959 -123.79549407959 -105.689239501953 -98.1628646850586 -95.8290939331055 -98.2861251831055 -113.964958190918 -100.001403808594 -105.645278930664 -123.492004394531 -123.492004394531 -154.078384399414 -181.316177368164 -173.179306030273 -113.326812744141 -46.7135009765625 -37.2044677734375 -34.0600433349609 -47.7873878479004 -47.7873878479004 -51.1408233642578 -45.7186965942383 -81.0119247436523 -69.9399566650391 -64.635856628418
-9999 -9999 -9999 -9999 -9999 -9999 -9999 -9999 -9999 -9999 -9999 -9999 -9999 -9999 -9999 -9999 -9999 -9999 -9999 -55.8192291259766 -57.2684211730957 -92.6636734008789 -92.6636734008789 -114.551307678223 -128.096115112305 -124.679641723633 -105.228546142578 -108.896560668945 -114.707321166992 -92.802375793457 -127.695343017578 -127.695343017578 -146.063278198242 -118.946281433105 -113.335342407227 -118.456886291504 -71.2488250732422 -35.4543151855469 -48.7563629150391 -57.0560455322266 -57.0560455322266 -47.8500213623047 -46.1063232421875 -80.3551406860352 -72.6331024169922 -119.741218566895
-9999 -9999 -9999 -9999 -9999 -9999 -9999 -9999 -9999 -9999 -9999 -9999 -9999 -9999 -9999 -9999 -9999 -9999 -9999 -102.018920898438 -100.75456237793 -83.2795944213867 -83.2795944213867 -109.926948547363 -116.828430175781 -126.376541137695 -97.1570358276367 -122.860061645508 -84.062614440918 -81.035400390625 -118.7705078125 -118.7705078125 -153.735977172852 -140.353790283203 -150.26953125 -129.975006103516 -81.9149169921875 -52.4049987792969 -34.7824287414551 -41.9176712036133 -41.9176712036133 -63.8618469238281 -61.224292755127 -61.3998908996582 -120.797340393066 -104.356582641602
-9999 -9999 -9999 -9999 -9999 -9999 -9999 -9999 -9999 -9999 -9999 -9999 -9999 -9999 -9999 -9999 -9999 -9999 -9999 -105.3232421875 -106.652931213379 -110.184860229492 -110.184860229492 -99.8180389404297 -106.965797424316 -110.865447998047 -104.134757995605 -139.439804077148 -92.8260116577148 -96.5211563110352 -126.600433349609 -126.600433349609 -121.350715637207 -105.164047241211 -143.06867980957 -128.62712097168 -92.8696060180664 -41.7125015258789 -72.4724197387695 -67.060546875 -67.060546875 -42.4450950622559 -52.0362281799316 -57.7012214660645 -91.750373840332 -115.370742797852
-9999 -9999 -9999 -9999 -9999 -9999 -9999 -9999 -9999 -9999 -9999 -9999 -9999 -9999 -9999 -9999 -9999 -9999 -9999 -118.848358154297 -109.588798522949 -106.722343444824 -106.722343444824 -96.9863739013672 -109.63671875 -114.744911193848 -120.021842956543 -142.383407592773 -138.777877807617 -120.700141906738 -117.726745605469 -117.726745605469 -108.600402832031 -131.420364379883 -155.070022583008 -130.650421142578 -90.7848281860352 -51.6796913146973 -77.015998840332 -62.619270324707 -62.619270324707 -61.3764953613281 -47.2080726623535 -84.1252975463867 -115.494895935059 -124.450660705566
-9999 -9999 -9999 -9999 -9999 -9999 -9999 -9999 -9999 -9999 -9999 -9999 -9999 -9999 -9999 -9999 -9999 -9999 -9999 -129.387268066406 -114.029594421387 -117.477905273438 -117.477905273438 -102.978576660156 -124.254997253418 -114.576705932617 -105.441047668457 -118.005554199219 -114.625755310059 -107.129020690918 -94.1451721191406 -94.1451721191406 -122.985649108887 -133.858200073242 -148.034561157227 -125.604133605957 -117.038803100586 -64.7763824462891 -78.8676834106445 -74.8117218017578 -74.8117218017578 -64.3262405395508 -84.2784118652344 -77.4191360473633 -93.1375885009766 -102.297752380371
-9999 -9999 -9999 -9999 -9999 -9999 -9999 -9999 -9999 -9999 -9999 -9999 -9999 -9999 -9999 -9999 -9999 -9999 -9999 -129.387268066406 -114.029594421387 -117.477905273438 -117.477905273438 -102.978576660156 -124.254997253418 -114.576705932617 -105.441047668457 -118.005554199219 -114.625755310059 -107.129020690918 -94.1451721191406 -94.1451721191406 -122.985649108887 -133.858200073242 -148.034561157227 -125.604133605957 -117.038803100586 -64.7763824462891 -78.8676834106445 -74.8117218017578 -74.8117218017578 -64.3262405395508 -84.2784118652344 -77.4191360473633 -93.1375885009766 -102.297752380371
-9999 -9999 -9999 -9999 -9999 -9999 -9999 -9999 -9999 -9999 -9999 -9999 -9999 -9999 -9999 -9999 -9999 -9999 -9999 -9999 -9999 -152.388763427734 -152.388763427734 -120.598541259766 -128.213241577148 -121.326072692871 -111.680244445801 -112.106262207031 -91.4431610107422 -89.7808074951172 -93.4764785766602 -93.4764785766602 -100.493698120117 -82.3370895385742 -117.305976867676 -112.519668579102 -75.5850677490234 -65.7086639404297 -55.2690124511719 -53.6614265441895 -53.6614265441895 -71.9700393676758 -62.1036148071289 -46.5081672668457 -59.0000419616699 -36.8568267822266
-9999 -9999 -9999 -9999 -9999 -9999 -9999 -9999 -9999 -9999 -9999 -9999 -9999 -9999 -9999 -9999 -9999 -9999 -9999 -9999 -9999 -130.359756469727 -130.359756469727 -106.051429748535 -122.105697631836 -113.820587158203 -99.5671997070312 -95.9023513793945 -95.9991455078125 -117.722816467285 -92.4484100341797 -92.4484100341797 -99.7820434570312 -126.399574279785 -137.282775878906 -97.4356307983398 -28.6325798034668 -64.1545791625977 -53.8269309997559 -37.5345649719238 -37.5345649719238 -64.3687286376953 -71.7747116088867 -72.4516754150391 -39.9486122131348 -39.2104415893555
-9999 -9999 -9999 -9999 -9999 -9999 -9999 -9999 -9999 -9999 -9999 -9999 -9999 -9999 -9999 -9999 -9999 -9999 -9999 -9999 -9999 -108.474761962891 -108.474761962891 -97.9858856201172 -101.239036560059 -100.170913696289 -111.924285888672 -148.257202148438 -113.249046325684 -91.6141891479492 -108.991966247559 -108.991966247559 -122.894706726074 -148.511123657227 -123.261901855469 -49.1586265563965 -46.6081657409668 -80.2918548583984 -63.2761306762695 -30.76904296875 -30.76904296875 -22.3517799377441 -32.0082397460938 -84.7843780517578 -46.103141784668 -24.3208656311035
-9999 -9999 -9999 -9999 -9999 -9999 -9999 -9999 -9999 -9999 -9999 -9999 -9999 -9999 -9999 -9999 -9999 -9999 -9999 -9999 -9999 -9999 -9999 -90.0223693847656 -83.5238342285156 -91.5654830932617 -148.547119140625 -135.465225219727 -84.04541015625 -51.4304237365723 -63.6895065307617 -63.6895065307617 -55.691780090332 -68.4966812133789 -63.2660903930664 -59.3104820251465 -60.652042388916 -42.3982315063477 -41.8131141662598 -35.1959991455078 -35.1959991455078 -42.7823104858398 -38.8195304870605 -75.622802734375 -82.4819641113281 -27.3978309631348
-9999 -9999 -9999 -9999 -9999 -9999 -9999 -9999 -9999 -9999 -9999 -9999 -9999 -9999 -9999 -9999 -9999 -9999 -9999 -9999 -9999 -89.2137451171875 -89.2137451171875 -100.573066711426 -90.1842422485352 -107.062019348145 -104.808563232422 -65.4964828491211 -41.0574607849121 -35.7481994628906 -54.2976226806641 -54.2976226806641 -76.1006546020508 -61.9814453125 -54.1775741577148 -82.0653610229492 -58.0343818664551 -45.2609176635742 -38.8663902282715 -37.4480857849121 -37.4480857849121 -80.5143508911133 -48.1229782104492 -95.7600860595703 -100.872406005859 -40.7031707763672
-9999 -9999 -9999 -9999 -9999 -9999 -9999 -9999 -9999 -9999 -9999 -9999 -9999 -9999 -9999 -9999 -9999 -9999 -9999 -9999 -82.9088821411133 -78.7740097045898 -78.7740097045898 -97.3480987548828 -57.9536285400391 -71.9346923828125 -92.6579971313477 -85.7455368041992 -75.2333984375 -70.9481964111328 -70.662109375 -70.662109375 -57.1093101501465 -61.2573585510254 -36.2938003540039 -69.9264450073242 -53.6147804260254 -51.7672157287598 -58.2535858154297 -57.5467414855957 -57.5467414855957 -90.4763412475586 -67.0636672973633 -83.0977554321289 -81.0623092651367 -68.6314849853516
-9999 -9999 -9999 -9999 -9999 -9999 -9999 -9999 -9999 -9999 -9999 -9999 -9999 -9999 -9999 -9999 -9999 -9999 -9999 -9999 -123.319366455078 -106.450180053711 -106.450180053711 -82.9100875854492 -47.8801383972168 -82.1347274780273 -68.8510894775391 -56.9187202453613 -39.9107246398926 -29.7543106079102 -45.5693778991699 -45.5693778991699 -43.9854507446289 -45.2052764892578 -31.0355682373047 -47.4478492736816 -57.7483406066895 -77.6360855102539 -73.392578125 -55.3973693847656 -55.3973693847656 -72.8833236694336 -66.1266403198242 -75.4678115844727 -86.5247192382812 -94.0161590576172
-9999 -9999 -9999 -9999 -9999 -9999 -9999 -9999 -9999 -9999 -9999 -9999 -9999 -9999 -9999 -9999 -9999 -9999 -210.684494018555 -133.77571105957 -127.68962097168 -89.5639801025391 -89.5639801025391 -62.6914443969727 -94.3745956420898 -83.7246704101562 -39.230297088623 -58.9317283630371 -48.8126411437988 -58.7423782348633 -67.0806198120117 -67.0806198120117 -61.9063186645508 -38.4717102050781 -45.2082214355469 -48.5771293640137 -75.4284515380859 -99.4216995239258 -84.6213302612305 -60.2949562072754 -60.2949562072754 -64.2753753662109 -66.2540740966797 -72.6475448608398 -89.0159301757812 -86.7947387695312
-9999 -9999 -9999 -9999 -9999 -9999 -9999 -9999 -9999 -9999 -9999 -9999 -9999 -9999 -9999 -9999 -9999 -9999 -210.684494018555 -133.77571105957 -127.68962097168 -89.5639801025391 -89.5639801025391 -62.6914443969727 -94.3745956420898 -83.7246704101562 -39.230297088623 -58.9317283630371 -48.8126411437988 -58.7423782348633 -67.0806198120117 -67.0806198120117 -61.9063186645508 -38.4717102050781 -45.2082214355469 -48.5771293640137 -75.4284515380859 -99.4216995239258 -84.6213302612305 -60.2949562072754 -60.2949562072754 -64.2753753662109 -66.2540740966797 -72.6475448608398 -89.0159301757812 -86.7947387695312
-9999 -9999 -9999 -9999 -9999 -9999 -9999 -9999 -9999 -9999 -9999 -9999 -9999 -9999 -9999 -9999 -236.062515258789 -173.580673217773 -127.26628112793 -64.047966003418 -80.8749923706055 -69.3815002441406 -69.3815002441406 -87.6580123901367 -94.6687622070312 -93.2124786376953 -100.290115356445 -77.9137573242188 -73.6911239624023 -67.4817581176758 -61.9931716918945 -61.9931716918945 -75.6012878417969 -89.5934829711914 -102.141700744629 -89.2306823730469 -98.2155303955078 -91.0027847290039 -78.1104736328125 -61.9128379821777 -61.9128379821777 -70.4573287963867 -80.2966384887695 -84.838737487793 -101.792022705078 -118.926040649414
