maps/GHG_500.asc
NCOLS 495 
NROWS 205 
XLLCORNER 16750.0004 
YLLCORNER 147750.0002 
CELLSIZE 500 
NODATA_value -9999 
[rows 60 to 79 of 205, columns 322 to 367 of 495]
-49.0334014892578 -110.161994934082 -101.467712402344 -69.1747665405273 -63.26171875 -86.0026168823242 -86.0026168823242 -46.0576400756836 -68.9398574829102 -111.495712280273 -174.641296386719 -164.703689575195 -179.897735595703 -90.9001541137695 -73.3354263305664 -73.3354263305664 -50.3399925231934 -71.1636581420898 -79.0351409912109 -66.8451538085938 -82.9266967773438 -136.969177246094 -92.7115478515625 -71.8316116333008 -71.8316116333008 -77.6164245605469 -97.8144226074219 -87.5048751831055 -86.4093399047852 -88.8845596313477 -63.4538764953613 -72.2756195068359 -64.6884536743164 -64.6884536743164 -96.1182327270508 -87.2267913818359 -98.8828735351562 -131.18229675293 -115.471343994141 -117.143440246582 -101.25008392334 -96.6891479492188 -96.6891479492188 -109.0693359375 -85.765983581543 -98.9364013671875
-49.2393341064453 -86.3876647949219 -69.572021484375 -59.4993438720703 -81.8280258178711 -38.197437286377 -38.197437286377 -105.059272766113 -81.2351684570312 -123.382369995117 -159.230895996094 -144.570037841797 -125.677436828613 -78.038932800293 -57.1547393798828 -57.1547393798828 -56.6222114562988 -77.1251068115234 -79.4704666137695 -55.2665405273438 -89.6960296630859 -165.871505737305 -96.8267211914062 -84.7036209106445 -84.7036209106445 -73.1999206542969 -126.120697021484 -102.28311920166 -97.6663055419922 -88.4191513061523 -83.8298416137695 -92.3790740966797 -40.4642333984375 -40.4642333984375 -68.803466796875 -74.9160079956055 -77.7586898803711 -103.544898986816 -69.0259780883789 -77.8936309814453 -86.4696960449219 -90.3571014404297 -90.3571014404297 -106.482154846191 -122.521781921387 -99.561408996582
-59.4457778930664 -62.6386108398438 -90.4279174804688 -135.076766967773 -132.734375 -60.5017166137695 -60.5017166137695 -167.10514831543 -142.680770874023 -158.605911254883 -140.204544067383 -117.893051147461 -56.2523460388184 -97.2442169189453 -86.7963714599609 -86.7963714599609 -90.61669921875 -101.097068786621 -39.3676528930664 -39.8740730285645 -107.345375061035 -145.779632568359 -88.1509704589844 -53.377758026123 -53.377758026123 -60.138542175293 -140.226028442383 -113.248756408691 -110.417930603027 -96.1174163818359 -87.1614456176758 -92.3220138549805 -48.5232582092285 -48.5232582092285 -66.7487258911133 -62.8486785888672 -79.1097564697266 -92.4481582641602 -86.2966766357422 -84.1651229858398 -79.2784118652344 -104.386138916016 -104.386138916016 -117.172462463379 -123.94197845459 -100.63924407959
-161.08918762207 -58.3747940063477 -132.734069824219 -209.037445068359 -158.027572631836 -141.10661315918 -141.10661315918 -146.924530029297 -131.329299926758 -121.079406738281 -82.6577072143555 -111.391212463379 -67.7183227539062 -97.4232025146484 -99.7452621459961 -99.7452621459961 -100.671020507812 -89.1871490478516 -47.0042190551758 -97.8490447998047 -139.170135498047 -94.105224609375 -67.2858428955078 -24.1288719177246 -24.1288719177246 -107.310615539551 -113.014053344727 -67.2771148681641 -117.587272644043 -97.5947189331055 -81.8755035400391 -78.0307388305664 -41.7299537658691 -41.7299537658691 -51.2548522949219 -58.056095123291 -134.573776245117 -126.638832092285 -97.8827056884766 -87.8924789428711 -110.074813842773 -128.345520019531 -128.345520019531 -101.705238342285 -95.3712997436523 -108.061157226562
-256.207061767578 -112.371513366699 -190.101455688477 -217.099411010742 -177.182693481445 -108.86784362793 -108.86784362793 -78.7372360229492 -122.093612670898 -78.8187789916992 -64.0312271118164 -60.2467079162598 -69.7975234985352 -135.186111450195 -153.369247436523 -153.369247436523 -75.4530715942383 -42.948673248291 -83.6996078491211 -138.102569580078 -114.713638305664 -84.8680267333984 -48.8338928222656 -32.0550270080566 -32.0550270080566 -126.680862426758 -78.97265625 -141.906509399414 -199.902633666992 -111.141105651855 -50.2593231201172 -59.6919441223145 -60.4291038513184 -60.4291038513184 -65.30029296875 -54.6069107055664 -171.690826416016 -185.569778442383 -72.5058517456055 -113.548286437988 -151.65673828125 -107.569129943848 -107.569129943848 -80.6757125854492 -125.891052246094 -133.991394042969
-232.645278930664 -106.234199523926 -228.803863525391 -250.362731933594 -218.851028442383 -82.8292617797852 -82.8292617797852 -107.944107055664 -75.3452606201172 -66.1211853027344 -56.5351867675781 -53.7660064697266 -85.9463882446289 -237.207321166992 -162.396331787109 -162.396331787109 -62.1310997009277 -90.7954025268555 -129.770797729492 -153.484420776367 -102.645286560059 -116.286682128906 -66.6943740844727 -47.5263023376465 -47.5263023376465 -102.791778564453 -108.318199157715 -214.708969116211 -119.60929107666 -82.8781051635742 -51.9872894287109 -63.0093040466309 -101.479042053223 -101.479042053223 -81.0518264770508 -69.2388229370117 -183.066925048828 -164.941513061523 -127.158271789551 -186.888092041016 -133.222061157227 -93.7888259887695 -93.7888259887695 -167.540756225586 -153.231338500977 -66.6334457397461
-66.2583312988281 -94.4376220703125 -136.091232299805 -204.377532958984 -194.031478881836 -100.033531188965 -100.033531188965 -136.305358886719 -152.249923706055 -86.2292327880859 -64.8077011108398 -66.4670867919922 -57.9732856750488 -160.225341796875 -122.331199645996 -122.331199645996 -62.2712173461914 -126.770835876465 -107.140609741211 -131.051406860352 -187.81135559082 -116.423400878906 -46.2446327209473 -52.9612998962402 -52.9612998962402 -149.703536987305 -192.656463623047 -198.836166381836 -122.65446472168 -138.714279174805 -97.2948379516602 -94.608268737793 -124.260848999023 -124.260848999023 -89.1494979858398 -162.862258911133 -198.9130859375 -105.33797454834 -53.996711730957 -110.292694091797 -175.091125488281 -243.945343017578 -243.945343017578 -217.389572143555 -144.199615478516 -88.8011245727539
-66.2583312988281 -94.4376220703125 -136.091232299805 -204.377532958984 -194.031478881836 -100.033531188965 -100.033531188965 -136.305358886719 -152.249923706055 -86.2292327880859 -64.8077011108398 -66.4670867919922 -57.9732856750488 -160.225341796875 -122.331199645996 -122.331199645996 -62.2712173461914 -126.770835876465 -107.140609741211 -131.051406860352 -187.81135559082 -116.423400878906 -46.2446327209473 -52.9612998962402 -52.9612998962402 -149.703536987305 -192.656463623047 -198.836166381836 -122.65446472168 -138.714279174805 -97.2948379516602 -94.608268737793 -124.260848999023 -124.260848999023 -89.1494979858398 -162.862258911133 -198.9130859375 -105.33797454834 -53.996711730957 -110.292694091797 -175.091125488281 -243.945343017578 -243.945343017578 -217.389572143555 -144.199615478516 -88.8011245727539
-40.6146583557129 -117.932456970215 -144.096801757812 -179.269561767578 -131.83088684082 -57.0760803222656 -57.0760803222656 -146.105224609375 -146.055755615234 -89.99951171875 -63.4537353515625 -61.6915588378906 -97.9213027954102 -195.460525512695 -166.899429321289 -166.899429321289 -89.3713455200195 -128.405532836914 -110.048141479492 -135.73030090332 -166.674942016602 -68.9873199462891 -46.354866027832 -138.852767944336 -138.852767944336 -177.152297973633 -119.728050231934 -164.560089111328 -163.631561279297 -196.982284545898 -145.587524414062 -132.867126464844 -114.896820068359 -114.896820068359 -80.1705322265625 -134.920471191406 -118.984245300293 -61.4658203125 -145.621627807617 -230.182739257812 -210.575180053711 -206.4951171875 -206.4951171875 -140.609100341797 -45.2838401794434 -56.8324699401855
-101.361000061035 -170.015747070312 -117.752891540527 -95.4113082885742 -52.7927322387695 -47.7138748168945 -47.7138748168945 -200.825592041016 -138.021591186523 -63.126163482666 -57.6244850158691 -60.4242477416992 -123.256759643555 -217.545318603516 -148.38362121582 -148.38362121582 -135.993865966797 -101.465385437012 -140.789321899414 -187.758590698242 -153.401077270508 -49.4190826416016 -133.2880859375 -192.571899414062 -192.571899414062 -254.361434936523 -160.398300170898 -153.561645507812 -196.221038818359 -177.13264465332 -280.082092285156 -207.51350402832 -144.631591796875 -144.631591796875 -96.404541015625 -106.561950683594 -54.8589172363281 -78.7347946166992 -162.376937866211 -160.689743041992 -121.422843933105 -72.1969299316406 -72.1969299316406 -55.4632987976074 -51.0183067321777 -67.7480850219727
-156.306747436523 -120.477661132812 -101.415748596191 -52.2963447570801 -35.268856048584 -137.587066650391 -137.587066650391 -249.381744384766 -184.406234741211 -102.888404846191 -51.3457450866699 -57.5379295349121 -99.8688583374023 -166.932220458984 -147.458877563477 -147.458877563477 -105.088073730469 -125.258483886719 -160.33561706543 -183.524307250977 -132.493606567383 -156.31884765625 -209.329376220703 -253.390701293945 -253.390701293945 -198.212051391602 -166.275054931641 -248.138656616211 -263.923187255859 -316.458221435547 -322.207458496094 -189.810974121094 -151.391937255859 -151.391937255859 -78.0565185546875 -64.2406845092773 -44.9966201782227 -56.8653984069824 -62.1086044311523 -67.6719665527344 -44.9776725769043 -42.2559547424316 -42.2559547424316 -144.469467163086 -170.844116210938 -210.013595581055
-110.468994140625 -75.4604187011719 -76.595703125 -38.7906188964844 -30.465295791626 -164.550308227539 -164.550308227539 -390.835693359375 -305.146423339844 -175.006210327148 -85.9055099487305 -98.5058441162109 -100.852272033691 -137.00178527832 -117.962005615234 -117.962005615234 -119.780937194824 -108.357429504395 -116.941741943359 -89.2329483032227 -79.2672424316406 -193.718658447266 -182.360961914062 -200.978897094727 -200.978897094727 -198.572952270508 -205.806396484375 -297.636901855469 -489.130584716797 -629.027893066406 -352.926086425781 -126.994499206543 -123.753082275391 -123.753082275391 -52.2434272766113 -58.4472465515137 -77.9668045043945 -100.626831054688 -88.6896591186523 -78.9711532592773 -82.0362396240234 -80.7918548583984 -80.7918548583984 -77.3714447021484 -132.978439331055 -240.460174560547
-166.916900634766 -78.9618453979492 -76.1025848388672 -44.9279518127441 -55.7263107299805 -159.037826538086 -159.037826538086 -391.437225341797 -317.192626953125 -226.804061889648 -126.567428588867 -80.80224609375 -85.1718368530273 -71.7930908203125 -70.6521301269531 -70.6521301269531 -52.9803581237793 -39.7456550598145 -39.4704360961914 -39.2360420227051 -67.2650985717773 -136.621017456055 -114.099708557129 -158.084609985352 -158.084609985352 -330.636871337891 -340.019012451172 -488.677642822266 -590.194580078125 -424.649017333984 -87.9293365478516 -45.2099723815918 -41.3667259216309 -41.3667259216309 -85.1205368041992 -99.7261734008789 -125.847717285156 -161.345138549805 -145.813812255859 -160.369735717773 -146.87873840332 -151.755035400391 -151.755035400391 -121.285995483398 -84.9965438842773 -101.456527709961
-121.538261413574 -114.37434387207 -116.341102600098 -90.4318008422852 -95.4645309448242 -204.513076782227 -204.513076782227 -287.020080566406 -192.402191162109 -214.928726196289 -179.666580200195 -110.016761779785 -78.627067565918 -66.419075012207 -52.7953109741211 -52.7953109741211 -64.0183334350586 -64.4673004150391 -64.0000381469727 -102.319351196289 -153.405181884766 -211.517242431641 -293.176086425781 -392.140625 -392.140625 -528.699768066406 -541.11767578125 -382.166839599609 -294.460052490234 -186.115997314453 -50.1167449951172 -60.4061164855957 -69.9692993164062 -69.9692993164062 -83.2907485961914 -96.2719192504883 -127.546028137207 -174.412750244141 -157.008209228516 -211.972259521484 -193.960342407227 -166.081909179688 -166.081909179688 -225.052368164062 -211.431045532227 -144.654663085938
-170.492095947266 -150.6767578125 -82.704963684082 -108.60228729248 -188.49787902832 -231.531387329102 -231.531387329102 -175.033477783203 -192.135864257812 -273.635498046875 -279.210601806641 -92.8586883544922 -49.1365928649902 -48.1964683532715 -59.5796775817871 -59.5796775817871 -204.533935546875 -322.059906005859 -330.271942138672 -348.405487060547 -378.46533203125 -450.324462890625 -448.607086181641 -565.205749511719 -565.205749511719 -312.921081542969 -194.587814331055 -121.864128112793 -123.143562316895 -81.3665466308594 -83.4870376586914 -117.49927520752 -125.376419067383 -125.376419067383 -82.3055877685547 -82.5440673828125 -85.4875793457031 -98.2779235839844 -124.282684326172 -138.274520874023 -129.091842651367 -134.005157470703 -134.005157470703 -160.908554077148 -207.394073486328 -203.761444091797
-236.863159179688 -240.639389038086 -128.682312011719 -125.089912414551 -194.631454467773 -162.586227416992 -162.586227416992 -210.334625244141 -297.834045410156 -315.087585449219 -106.436172485352 -113.593139648438 -73.1577529907227 -82.7208251953125 -223.586196899414 -223.586196899414 -542.768371582031 -733.457702636719 -750.60205078125 -797.890747070312 -926.716979980469 -676.237976074219 -331.402526855469 -102.615264892578 -102.615264892578 -39.4533424377441 -54.3492050170898 -65.937873840332 -64.4052352905273 -32.5461463928223 -22.4630336761475 -41.5360412597656 -81.0170745849609 -81.0170745849609 -102.83683013916 -105.085800170898 -88.6186218261719 -98.0910263061523 -94.6007995605469 -96.6697616577148 -103.905807495117 -121.304122924805 -121.304122924805 -51.0710525512695 -137.600814819336 -231.015563964844
-236.863159179688 -240.639389038086 -128.682312011719 -125.089912414551 -194.631454467773 -162.586227416992 -162.586227416992 -210.334625244141 -297.834045410156 -315.087585449219 -106.436172485352 -113.593139648438 -73.1577529907227 -82.7208251953125 -223.586196899414 -223.586196899414 -542.768371582031 -733.457702636719 -750.60205078125 -797.890747070312 -926.716979980469 -676.237976074219 -331.402526855469 -102.615264892578 -102.615264892578 -39.4533424377441 -54.3492050170898 -65.937873840332 -64.4052352905273 -32.5461463928223 -22.4630336761475 -41.5360412597656 -81.0170745849609 -81.0170745849609 -102.83683013916 -105.085800170898 -88.6186218261719 -98.0910263061523 -94.6007995605469 -96.6697616577148 -103.905807495117 -121.304122924805 -121.304122924805 -51.0710525512695 -137.600814819336 -231.015563964844
-328.640502929688 -302.199768066406 -145.843597412109 -104.963417053223 -141.255493164062 -117.584823608398 -117.584823608398 -216.446853637695 -147.382690429688 -109.140327453613 -46.4716491699219 -53.629768371582 -146.839828491211 -188.24430847168 -317.857666015625 -317.857666015625 -628.468200683594 -849.75439453125 -1101.10949707031 -893.420654296875 -339.634857177734 -166.265045166016 -146.755783081055 -94.6282501220703 -94.6282501220703 -63.6770515441895 -57.3242607116699 -44.5169372558594 -49.9686584472656 -33.1337203979492 -39.6132431030273 -66.9267578125 -96.2772674560547 -96.2772674560547 -100.199676513672 -78.7979736328125 -63.8481521606445 -55.9568901062012 -102.701873779297 -137.502365112305 -129.880386352539 -163.253494262695 -163.253494262695 -85.3896560668945 -88.8997116088867 -100.897499084473
-479.231475830078 -401.142486572266 -288.731414794922 -148.128768920898 -88.8609313964844 -96.2839508056641 -96.2839508056641 -69.8429489135742 -57.8552703857422 -62.0899620056152 -73.0928344726562 -199.655746459961 -407.010833740234 -486.337280273438 -609.438232421875 -609.438232421875 -771.724609375 -602.015686035156 -488.339202880859 -170.997222900391 -174.578857421875 -119.486618041992 -77.8155136108398 -68.5686264038086 -68.5686264038086 -50.8236999511719 -46.7792167663574 -41.3004417419434 -64.2735977172852 -85.1962432861328 -75.0149383544922 -56.2959480285645 -73.6881866455078 -73.6881866455078 -68.6746444702148 -74.0648422241211 -55.0566024780273 -48.2429885864258 -125.59693145752 -148.826477050781 -158.573013305664 -99.0587921142578 -99.0587921142578 -175.691101074219 -115.700942993164 -91.3654022216797
-511.633880615234 -317.366851806641 -205.164245605469 -99.303596496582 -30.23415184021 -30.83078956604 -30.83078956604 -112.601715087891 -182.950973510742 -243.163513183594 -453.705841064453 -574.030700683594 -753.924133300781 -1142.93347167969 -1097.60583496094 -1097.60583496094 -260.508117675781 -86.4894714355469 -130.654815673828 -164.646926879883 -140.034469604492 -73.224739074707 -78.4677658081055 -52.3685760498047 -52.3685760498047 -41.2961349487305 -42.1552429199219 -72.3330459594727 -128.741989135742 -181.763366699219 -144.935150146484 -84.9766540527344 -108.204986572266 -108.204986572266 -125.87036895752 -105.802047729492 -76.76904296875 -117.86986541748 -149.92643737793 -160.445343017578 -139.683471679688 -86.9019393920898 -86.9019393920898 -240.38037109375 -203.177444458008 -189.161651611328
