maps/GHG_500.asc
NCOLS 495 
NROWS 205 
XLLCORNER 16750.0004 
YLLCORNER 147750.0002 
CELLSIZE 500 
NODATA_value -9999 
[rows 80 to 99 of 205, columns 230 to 275 of 495]
-83.3578109741211 -85.4912414550781 -91.2678146362305 -68.3782348632812 -70.1333541870117 -83.4837493896484 -83.8174209594727 -64.420295715332 -64.420295715332 -90.4688568115234 -75.6955871582031 -69.9821548461914 -64.4672927856445 -58.6100692749023 -64.9153060913086 -74.1756744384766 -106.596153259277 -106.596153259277 -96.4456558227539 -111.815116882324 -113.45386505127 -106.503646850586 -87.98974609375 -94.7578430175781 -95.2501754760742 -101.662406921387 -101.662406921387 -108.466186523438 -109.68049621582 -128.211380004883 -131.967834472656 -137.63883972168 -152.6123046875 -127.712646484375 -141.035736083984 -141.035736083984 -97.7474212646484 -143.338409423828 -143.04069519043 -167.794128417969 -185.627670288086 -283.694946289062 -463.711791992188 -425.603363037109 -425.603363037109 -319.048431396484
-91.1610107421875 -79.4741287231445 -84.4568176269531 -79.6566772460938 -79.4614944458008 -77.8351669311523 -71.1243286132812 -74.0498123168945 -74.0498123168945 -118.357948303223 -99.5225067138672 -80.8676910400391 -83.2292938232422 -75.5837020874023 -88.8031692504883 -129.900955200195 -119.334609985352 -119.334609985352 -102.548011779785 -116.125129699707 -118.935043334961 -108.147369384766 -100.941047668457 -105.268562316895 -99.7804412841797 -101.128799438477 -101.128799438477 -122.839286804199 -113.120155334473 -112.573913574219 -125.706382751465 -141.145233154297 -95.8293228149414 -85.0492706298828 -71.9768905639648 -71.9768905639648 -106.815521240234 -114.005470275879 -145.436279296875 -160.908050537109 -199.065002441406 -327.857208251953 -519.959533691406 -474.836334228516 -474.836334228516 -294.985443115234
-74.8464889526367 -86.1878433227539 -110.868110656738 -116.135894775391 -118.216346740723 -74.8413162231445 -69.3721313476562 -85.2280578613281 -85.2280578613281 -111.74641418457 -121.412628173828 -97.7507095336914 -96.1207580566406 -99.2627487182617 -121.379814147949 -110.992248535156 -107.790435791016 -107.790435791016 -121.028526306152 -123.627975463867 -105.890678405762 -88.9826049804688 -100.37525177002 -97.9054107666016 -100.192611694336 -112.678512573242 -112.678512573242 -117.440017700195 -131.906234741211 -135.921005249023 -137.111114501953 -99.8486557006836 -96.355224609375 -71.2977294921875 -54.2391510009766 -54.2391510009766 -59.3153228759766 -62.8251419067383 -109.238662719727 -177.707931518555 -227.337753295898 -359.413665771484 -396.973419189453 -423.021545410156 -423.021545410156 -293.805145263672
-57.1056098937988 -71.9975967407227 -74.1702880859375 -81.6676406860352 -95.0333404541016 -77.8443222045898 -93.0590667724609 -113.599876403809 -113.599876403809 -119.798622131348 -161.580276489258 -105.934852600098 -98.9599151611328 -90.7232666015625 -110.634910583496 -101.874076843262 -106.20393371582 -106.20393371582 -123.554763793945 -113.233062744141 -108.471221923828 -114.864486694336 -119.129516601562 -123.81428527832 -112.037017822266 -122.620552062988 -122.620552062988 -131.714218139648 -154.050231933594 -126.77123260498 -191.285186767578 -89.9506378173828 -86.8222198486328 -51.9042663574219 -70.1113967895508 -70.1113967895508 -36.010913848877 -47.3070373535156 -92.5265808105469 -167.202301025391 -246.266510009766 -312.258361816406 -268.041015625 -311.743072509766 -311.743072509766 -339.770690917969
-96.0304870605469 -87.1079406738281 -119.196624755859 -133.546920776367 -135.191787719727 -140.238555908203 -141.153366088867 -108.185958862305 -108.185958862305 -92.2606735229492 -103.175300598145 -114.85538482666 -113.577598571777 -111.55054473877 -105.17546081543 -112.223579406738 -130.863586425781 -130.863586425781 -104.934982299805 -105.871658325195 -112.545166015625 -91.874626159668 -91.8440933227539 -87.0170288085938 -96.9269409179688 -100.377822875977 -100.377822875977 -97.1581344604492 -129.316970825195 -82.0980606079102 -73.819450378418 -145.835815429688 -137.47607421875 -160.050354003906 -161.622421264648 -161.622421264648 -137.615158081055 -126.426933288574 -125.57332611084 -132.879425048828 -170.246475219727 -224.618255615234 -215.993621826172 -192.554611206055 -192.554611206055 -284.197265625
-96.0304870605469 -87.1079406738281 -119.196624755859 -133.546920776367 -135.191787719727 -140.238555908203 -141.153366088867 -108.185958862305 -108.185958862305 -92.2606735229492 -103.175300598145 -114.85538482666 -113.577598571777 -111.55054473877 -105.17546081543 -112.223579406738 -130.863586425781 -130.863586425781 -104.934982299805 -105.871658325195 -112.545166015625 -91.874626159668 -91.8440933227539 -87.0170288085938 -96.9269409179688 -100.377822875977 -100.377822875977 -97.1581344604492 -129.316970825195 -82.0980606079102 -73.819450378418 -145.835815429688 -137.47607421875 -160.050354003906 -161.622421264648 -161.622421264648 -137.615158081055 -126.426933288574 -125.57332611084 -132.879425048828 -170.246475219727 -224.618255615234 -215.993621826172 -192.554611206055 -192.554611206055 -284.197265625
-91.1472930908203 -83.1649322509766 -121.709350585938 -127.097412109375 -123.112442016602 -140.446685791016 -145.137588500977 -110.045433044434 -110.045433044434 -102.517303466797 -103.569808959961 -99.0622253417969 -103.632659912109 -123.524208068848 -129.040603637695 -131.617263793945 -108.272537231445 -108.272537231445 -121.099136352539 -104.165161132812 -97.9641723632812 -95.8506851196289 -110.230094909668 -113.86408996582 -116.794921875 -104.683372497559 -104.683372497559 -111.950675964355 -153.409103393555 -86.0366973876953 -98.8086013793945 -121.406036376953 -169.08251953125 -144.317138671875 -150.622207641602 -150.622207641602 -137.074859619141 -134.338012695312 -142.525238037109 -170.030685424805 -211.578567504883 -253.965133666992 -186.824523925781 -174.154312133789 -174.154312133789 -182.583343505859
-119.597953796387 -96.2117691040039 -103.754035949707 -116.51439666748 -131.763229370117 -142.248443603516 -116.831069946289 -103.567642211914 -103.567642211914 -97.6058807373047 -87.4316253662109 -95.7267074584961 -90.5200576782227 -83.5918807983398 -109.432708740234 -126.920684814453 -100.401168823242 -100.401168823242 -101.036392211914 -75.3196563720703 -94.890380859375 -206.621109008789 -226.295700073242 -141.015625 -117.594993591309 -124.146659851074 -124.146659851074 -113.826530456543 -136.228332519531 -59.7420043945312 -48.8837051391602 -144.738128662109 -162.204742431641 -147.145233154297 -143.353927612305 -143.353927612305 -131.032852172852 -144.67561340332 -185.713729858398 -235.938629150391 -232.133712768555 -197.973571777344 -126.227867126465 -128.460968017578 -128.460968017578 -165.291397094727
-117.604057312012 -125.614181518555 -96.613655090332 -113.68058013916 -128.273208618164 -102.020690917969 -101.81534576416 -100.981353759766 -100.981353759766 -122.724945068359 -97.2472229003906 -101.257247924805 -80.4748840332031 -74.707878112793 -88.735237121582 -92.842643737793 -89.6943664550781 -89.6943664550781 -93.6515579223633 -79.6536331176758 -76.9431915283203 -126.732551574707 -196.3291015625 -104.830665588379 -125.301956176758 -147.890319824219 -147.890319824219 -136.21435546875 -87.0039443969727 -33.2565536499023 -46.9355583190918 -149.335754394531 -169.998870849609 -141.62890625 -147.004638671875 -147.004638671875 -159.276458740234 -200.441741943359 -233.239608764648 -231.033248901367 -166.908660888672 -123.44010925293 -100.06462097168 -77.2272644042969 -77.2272644042969 -82.7746200561523
-124.730590820312 -134.295745849609 -99.0532302856445 -111.25366973877 -109.418701171875 -90.8192901611328 -109.077362060547 -120.328125 -120.328125 -152.181030273438 -105.459053039551 -87.5639495849609 -86.1135177612305 -95.8754653930664 -84.2008438110352 -85.3437652587891 -91.8561172485352 -91.8561172485352 -154.636962890625 -115.182373046875 -99.6503677368164 -98.4237518310547 -81.0293045043945 -82.7541198730469 -85.4268569946289 -101.679710388184 -101.679710388184 -139.486312866211 -50.1603202819824 -40.6953468322754 -50.2515678405762 -142.194900512695 -192.848449707031 -175.428634643555 -159.673461914062 -159.673461914062 -159.723159790039 -173.914215087891 -182.961822509766 -98.5655364990234 -87.7850036621094 -83.7588043212891 -95.5344390869141 -118.461250305176 -118.461250305176 -78.2019805908203
-121.025260925293 -135.884719848633 -103.507164001465 -109.472198486328 -123.68302154541 -116.564109802246 -127.061248779297 -126.604751586914 -126.604751586914 -127.30965423584 -101.070861816406 -83.5310287475586 -86.2182464599609 -102.10676574707 -86.7547454833984 -102.943923950195 -109.764129638672 -109.764129638672 -201.65901184082 -112.454124450684 -98.4873580932617 -97.7394714355469 -119.079536437988 -124.509475708008 -124.016571044922 -121.503410339355 -121.503410339355 -136.289779663086 -53.6808586120605 -69.1725006103516 -62.2152557373047 -156.477142333984 -180.490737915039 -191.241653442383 -173.755249023438 -173.755249023438 -137.259094238281 -124.115997314453 -111.412322998047 -87.5364685058594 -74.1056594848633 -88.8362350463867 -129.649551391602 -159.948608398438 -159.948608398438 -160.062454223633
-129.872741699219 -161.838165283203 -153.692260742188 -197.256927490234 -168.110336303711 -137.982650756836 -119.434242248535 -128.787887573242 -128.787887573242 -143.97216796875 -108.106628417969 -82.6582794189453 -107.773536682129 -142.16242980957 -139.004486083984 -156.585952758789 -152.255920410156 -152.255920410156 -150.202270507812 -143.216766357422 -175.414825439453 -161.831085205078 -213.629211425781 -202.899261474609 -237.497116088867 -272.430755615234 -272.430755615234 -146.392349243164 -74.0300521850586 -86.5086059570312 -59.2608871459961 -364.532531738281 -263.742645263672 -183.479919433594 -158.964553833008 -158.964553833008 -113.333168029785 -103.762580871582 -97.010871887207 -71.1849365234375 -82.3466415405273 -103.891525268555 -126.549072265625 -125.068138122559 -125.068138122559 -101.305038452148
-165.853439331055 -203.854553222656 -226.270202636719 -210.726791381836 -173.611190795898 -123.766456604004 -76.7488250732422 -94.5628204345703 -94.5628204345703 -132.087158203125 -140.732696533203 -147.426712036133 -174.249130249023 -165.935501098633 -137.934310913086 -162.523239135742 -162.874404907227 -162.874404907227 -176.273300170898 -211.864105224609 -215.891006469727 -203.096893310547 -165.023834228516 -137.398849487305 -239.81867980957 -252.443267822266 -252.443267822266 -97.6383056640625 -59.3244667053223 -51.6837768554688 -52.975154876709 -197.132904052734 -215.513275146484 -129.256790161133 -120.940582275391 -120.940582275391 -99.9246520996094 -89.0014114379883 -95.1361465454102 -91.8821868896484 -93.8540496826172 -87.1680908203125 -93.1184158325195 -116.930160522461 -116.930160522461 -125.595268249512
-136.799118041992 -188.086196899414 -203.442291259766 -284.628509521484 -228.930145263672 -139.81787109375 -156.284225463867 -170.315704345703 -170.315704345703 -181.070083618164 -180.557693481445 -267.130889892578 -347.914428710938 -189.757034301758 -94.1413497924805 -322.701232910156 -183.973831176758 -183.973831176758 -144.087112426758 -159.714508056641 -124.706924438477 -119.321418762207 -213.633682250977 -190.207458496094 -180.607696533203 -163.868194580078 -163.868194580078 -52.447639465332 -29.3953495025635 -34.052318572998 -115.082405090332 -269.508453369141 -469.156188964844 -268.357208251953 -85.8953170776367 -85.8953170776367 -60.0226974487305 -83.5291900634766 -127.257392883301 -105.456771850586 -96.8126831054688 -81.5318984985352 -82.8571624755859 -67.1586990356445 -67.1586990356445 -149.575241088867
-136.799118041992 -188.086196899414 -203.442291259766 -284.628509521484 -228.930145263672 -139.81787109375 -156.284225463867 -170.315704345703 -170.315704345703 -181.070083618164 -180.557693481445 -267.130889892578 -347.914428710938 -189.757034301758 -94.1413497924805 -322.701232910156 -183.973831176758 -183.973831176758 -144.087112426758 -159.714508056641 -124.706924438477 -119.321418762207 -213.633682250977 -190.207458496094 -180.607696533203 -163.868194580078 -163.868194580078 -52.447639465332 -29.3953495025635 -34.052318572998 -115.082405090332 -269.508453369141 -469.156188964844 -268.357208251953 -85.8953170776367 -85.8953170776367 -60.0226974487305 -83.5291900634766 -127.257392883301 -105.456771850586 -96.8126831054688 -81.5318984985352 -82.8571624755859 -67.1586990356445 -67.1586990356445 -149.575241088867
-287.66015625 -223.422515869141 -226.55305480957 -225.727233886719 -206.32453918457 -243.361022949219 -232.895767211914 -217.2666015625 -217.2666015625 -175.67253112793 -200.064346313477 -211.862213134766 -179.855590820312 -126.559730529785 -148.072769165039 -140.290588378906 -287.191223144531 -287.191223144531 -169.36198425293 -243.298400878906 -276.16357421875 -364.0810546875 -297.656677246094 -146.121948242188 -185.891937255859 -178.099792480469 -178.099792480469 -46.7596015930176 -38.1574478149414 -73.8358764648438 -153.563995361328 -236.501831054688 -215.721282958984 -68.447998046875 -45.0722198486328 -45.0722198486328 -78.9571838378906 -96.0403213500977 -94.1174545288086 -113.827415466309 -89.9952392578125 -99.1145401000977 -89.2074508666992 -76.9937896728516 -76.9937896728516 -96.8033294677734
-297.133544921875 -237.277496337891 -205.854888916016 -212.323394775391 -194.59504699707 -211.169830322266 -219.894256591797 -216.339950561523 -216.339950561523 -193.08186340332 -215.18620300293 -232.302185058594 -318.722229003906 -158.933212280273 -159.239471435547 -119.134895324707 -174.25227355957 -174.25227355957 -153.113662719727 -343.244842529297 -431.682037353516 -356.191253662109 -365.055328369141 -218.344665527344 -211.728240966797 -183.93815612793 -183.93815612793 -69.5679244995117 -80.2803726196289 -128.630264282227 -58.914924621582 -56.5995140075684 -58.1506004333496 -54.5839729309082 -74.4618072509766 -74.4618072509766 -132.226409912109 -125.499168395996 -102.727096557617 -118.177192687988 -110.232620239258 -117.1416015625 -89.413948059082 -80.2948150634766 -80.2948150634766 -85.7792663574219
-297.753692626953 -230.664428710938 -249.429748535156 -251.832305908203 -232.132217407227 -233.664245605469 -205.383163452148 -163.145446777344 -163.145446777344 -174.076034545898 -119.175468444824 -159.311538696289 -265.321929931641 -114.02880859375 -172.093246459961 -141.923187255859 -109.116264343262 -109.116264343262 -59.8022727966309 -135.456848144531 -276.449554443359 -216.891235351562 -216.513412475586 -270.124267578125 -183.31787109375 -89.1469802856445 -89.1469802856445 -57.9753952026367 -212.058380126953 -156.698684692383 -89.6548385620117 -108.089019775391 -114.473007202148 -116.916275024414 -144.544830322266 -144.544830322266 -176.092590332031 -137.997695922852 -120.114471435547 -120.908393859863 -111.721611022949 -115.262359619141 -127.356140136719 -112.928451538086 -112.928451538086 -88.877067565918
-245.402526855469 -176.076385498047 -219.071884155273 -281.302795410156 -237.108978271484 -291.714935302734 -130.551422119141 -172.640060424805 -172.640060424805 -130.568267822266 -170.3154296875 -216.965072631836 -153.070053100586 -155.085494995117 -143.679626464844 -253.170333862305 -137.611526489258 -137.611526489258 -77.2206878662109 -99.8884201049805 -68.3956146240234 -50.6496887207031 -139.203277587891 -88.103759765625 -31.9780883789062 -23.5961437225342 -23.5961437225342 -116.034797668457 -137.929962158203 -67.5323028564453 -77.8834915161133 -130.060394287109 -133.282104492188 -196.892379760742 -170.970779418945 -170.970779418945 -197.606491088867 -150.345489501953 -113.012130737305 -129.404266357422 -136.986129760742 -122.844604492188 -111.898727416992 -110.24340057373 -110.24340057373 -99.9729843139648
-244.275161743164 -248.949829101562 -256.796295166016 -151.722457885742 -147.96696472168 -238.489318847656 -153.984100341797 -210.59880065918 -210.59880065918 -245.980621337891 -183.093627929688 -79.2704391479492 -149.852066040039 -56.9033470153809 -67.683349609375 -75.0625915527344 -36.8831901550293 -36.8831901550293 -61.5325775146484 -175.811141967773 -73.2244873046875 -52.5891265869141 -65.3042602539062 -30.3218364715576 -38.0373992919922 -44.4438362121582 -44.4438362121582 -125.99235534668 -92.4473114013672 -57.522346496582 -104.651298522949 -84.2194900512695 -91.1004257202148 -104.705787658691 -122.731246948242 -122.731246948242 -162.78401184082 -173.781509399414 -116.221565246582 -116.622566223145 -105.130271911621 -139.709533691406 -133.919723510742 -115.571136474609 -115.571136474609 -110.623710632324
