maps/GLG_500.asc
NCOLS 495 
NROWS 205 
XLLCORNER 16750.0004 
YLLCORNER 147750.0002 
CELLSIZE 500 
NODATA_value -9999 
[rows 120 to 139 of 205, columns 184 to 229 of 495]
-265.080383300781 -146.015884399414 -241.491714477539 -254.098022460938 -182.524353027344 -192.066589355469 -184.583084106445 -169.920837402344 -210.76953125 -210.76953125 -235.968338012695 -223.870346069336 -198.915542602539 -201.025192260742 -213.819274902344 -217.084426879883 -178.596176147461 -159.541763305664 -159.541763305664 -181.187850952148 -184.002670288086 -145.792083740234 -133.68244934082 -210.814193725586 -257.611480712891 -177.598892211914 -165.966766357422 -165.966766357422 -189.675048828125 -221.46435546875 -252.303863525391 -196.882568359375 -188.007354736328 -170.18376159668 -144.452011108398 -123.014747619629 -123.014747619629 -311.989562988281 -297.330139160156 -292.181640625 -276.446197509766 -227.168685913086 -245.801345825195 -208.748382568359 -225.899520874023 -225.899520874023
-276.882141113281 -252.899658203125 -187.183990478516 -241.411544799805 -190.574981689453 -171.244583129883 -169.615524291992 -161.747268676758 -179.093673706055 -179.093673706055 -183.230865478516 -192.703033447266 -207.903610229492 -207.849655151367 -217.394439697266 -219.077941894531 -194.869781494141 -219.023620605469 -219.023620605469 -310.3662109375 -264.349182128906 -154.582595825195 -175.018844604492 -212.298522949219 -229.50016784668 -299.966766357422 -355.966766357422 -355.966766357422 -177.468414306641 -192.949645996094 -300.073333740234 -251.753463745117 -221.883422851562 -178.645385742188 -136.341888427734 -209.596008300781 -209.596008300781 -201.500991821289 -230.395568847656 -208.053558349609 -215.598999023438 -179.463226318359 -160.080764770508 -213.765075683594 -193.407043457031 -193.407043457031
-344.554351806641 -474.829681396484 -222.142974853516 -214.466430664062 -180.531158447266 -196.224258422852 -195.580947875977 -214.742584228516 -212.189666748047 -212.189666748047 -169.088119506836 -167.738800048828 -228.843490600586 -263.235473632812 -243.537033081055 -292.76806640625 -297.908721923828 -318.279998779297 -318.279998779297 -360.499450683594 -364.325103759766 -332.728332519531 -201.655899047852 -152.908599853516 -221.32731628418 -444.350830078125 -576.049133300781 -576.049133300781 -181.498107910156 -146.77458190918 -217.805694580078 -207.493118286133 -166.935745239258 -149.226470947266 -280.92919921875 -275.964172363281 -275.964172363281 -192.41618347168 -287.675018310547 -249.48291015625 -234.752700805664 -137.088531494141 -141.17268371582 -175.135040283203 -199.290115356445 -199.290115356445
-515.861450195312 -469.539184570312 -442.911651611328 -265.448944091797 -219.537628173828 -211.860717773438 -218.283996582031 -180.720321655273 -186.831619262695 -186.831619262695 -206.361587524414 -162.184677124023 -185.294708251953 -224.427780151367 -443.750793457031 -375.196533203125 -260.011932373047 -252.439498901367 -252.439498901367 -274.074981689453 -281.778503417969 -343.400115966797 -404.7744140625 -466.196685791016 -316.85302734375 -289.057525634766 -466.764221191406 -466.764221191406 -197.263305664062 -176.228790283203 -155.018157958984 -178.505920410156 -239.786209106445 -279.272033691406 -259.883972167969 -235.159469604492 -235.159469604492 -195.110336303711 -237.693603515625 -267.6416015625 -199.111785888672 -164.22981262207 -184.532180786133 -216.499664306641 -187.531112670898 -187.531112670898
-370.681732177734 -324.630249023438 -323.778564453125 -272.712463378906 -219.518676757812 -212.67887878418 -285.2490234375 -215.482177734375 -188.471099853516 -188.471099853516 -217.057220458984 -262.609130859375 -206.604629516602 -262.383636474609 -362.671356201172 -317.3076171875 -309.251739501953 -239.140518188477 -239.140518188477 -242.172927856445 -256.380493164062 -252.696823120117 -320.002075195312 -389.103454589844 -296.703216552734 -278.002288818359 -290.460479736328 -290.460479736328 -472.148742675781 -395.774353027344 -367.049957275391 -314.889587402344 -304.532287597656 -229.451675415039 -207.363098144531 -212.050018310547 -212.050018310547 -178.91862487793 -259.653900146484 -313.925018310547 -226.108596801758 -204.97477722168 -232.65869140625 -279.047454833984 -209.818405151367 -209.818405151367
-306.931854248047 -302.908020019531 -323.564331054688 -273.368469238281 -252.871185302734 -220.219711303711 -240.620239257812 -209.327514648438 -163.995666503906 -163.995666503906 -294.388214111328 -261.597778320312 -228.812683105469 -298.828735351562 -369.044830322266 -282.926666259766 -279.812591552734 -327.944519042969 -327.944519042969 -242.126892089844 -240.414764404297 -184.119201660156 -216.197830200195 -223.640747070312 -201.698303222656 -285.416381835938 -265.922546386719 -265.922546386719 -330.738494873047 -250.535369873047 -212.754638671875 -211.736755371094 -215.061172485352 -213.854339599609 -209.729278564453 -192.504638671875 -192.504638671875 -210.329711914062 -219.723999023438 -251.266967773438 -262.626190185547 -155.932891845703 -144.836730957031 -272.274261474609 -242.232559204102 -242.232559204102
-245.002563476562 -343.250396728516 -338.724517822266 -263.534545898438 -303.683868408203 -203.466125488281 -228.765975952148 -366.671203613281 -419.969635009766 -419.969635009766 -313.408111572266 -205.96598815918 -190.43342590332 -217.241500854492 -205.316009521484 -194.859771728516 -214.662841796875 -292.765808105469 -292.765808105469 -225.377670288086 -203.442657470703 -185.234512329102 -220.87239074707 -213.469940185547 -215.041213989258 -262.989868164062 -252.275085449219 -252.275085449219 -245.269958496094 -212.643035888672 -188.6728515625 -198.968414306641 -205.412902832031 -213.312454223633 -228.733108520508 -224.093292236328 -224.093292236328 -225.532699584961 -167.160598754883 -141.629104614258 -166.245346069336 -157.284088134766 -137.686416625977 -243.296142578125 -258.213043212891 -258.213043212891
-324.644927978516 -458.601715087891 -478.266632080078 -248.60075378418 -266.501007080078 -193.273132324219 -205.625305175781 -315.759582519531 -314.842346191406 -314.842346191406 -246.203155517578 -222.430969238281 -241.805221557617 -221.371505737305 -261.169769287109 -246.006103515625 -190.174057006836 -171.880386352539 -171.880386352539 -218.831069946289 -251.666915893555 -282.634613037109 -254.655197143555 -209.278228759766 -269.337280273438 -267.17919921875 -220.606781005859 -220.606781005859 -232.006729125977 -197.530944824219 -197.671936035156 -194.147338867188 -163.691955566406 -195.415557861328 -203.334442138672 -203.587326049805 -203.587326049805 -280.227966308594 -196.610137939453 -143.647613525391 -148.624649047852 -156.592346191406 -172.181762695312 -240.561874389648 -186.784591674805 -186.784591674805
-361.640167236328 -814.879089355469 -363.611724853516 -178.907089233398 -239.80029296875 -177.853866577148 -187.048095703125 -272.364837646484 -280.008666992188 -280.008666992188 -223.152267456055 -274.694183349609 -251.395324707031 -271.010864257812 -259.738891601562 -303.319122314453 -204.667327880859 -178.488494873047 -178.488494873047 -265.988250732422 -257.255004882812 -251.117416381836 -222.845138549805 -181.512100219727 -283.263031005859 -268.984741210938 -205.326812744141 -205.326812744141 -206.755584716797 -208.703033447266 -209.122085571289 -195.43293762207 -186.389770507812 -199.550445556641 -226.365005493164 -223.024185180664 -223.024185180664 -330.914001464844 -225.181762695312 -137.851638793945 -166.997756958008 -147.176345825195 -209.168853759766 -237.541732788086 -201.617034912109 -201.617034912109
-361.640167236328 -814.879089355469 -363.611724853516 -178.907089233398 -239.80029296875 -177.853866577148 -187.048095703125 -272.364837646484 -280.008666992188 -280.008666992188 -223.152267456055 -274.694183349609 -251.395324707031 -271.010864257812 -259.738891601562 -303.319122314453 -204.667327880859 -178.488494873047 -178.488494873047 -265.988250732422 -257.255004882812 -251.117416381836 -222.845138549805 -181.512100219727 -283.263031005859 -268.984741210938 -205.326812744141 -205.326812744141 -206.755584716797 -208.703033447266 -209.122085571289 -195.43293762207 -186.389770507812 -199.550445556641 -226.365005493164 -223.024185180664 -223.024185180664 -330.914001464844 -225.181762695312 -137.851638793945 -166.997756958008 -147.176345825195 -209.168853759766 -237.541732788086 -201.617034912109 -201.617034912109
-482.558502197266 -181.868225097656 -229.696228027344 -206.060211181641 -226.527542114258 -254.873123168945 -274.9775390625 -261.464050292969 -255.676467895508 -255.676467895508 -197.738693237305 -205.53955078125 -267.825378417969 -253.012054443359 -222.265502929688 -207.770797729492 -261.112701416016 -283.991790771484 -283.991790771484 -210.298156738281 -255.401657104492 -300.588104248047 -243.737289428711 -213.577880859375 -267.654815673828 -174.815658569336 -195.977523803711 -195.977523803711 -250.835494995117 -197.097793579102 -204.011108398438 -191.088928222656 -189.438873291016 -226.752014160156 -228.435852050781 -217.932632446289 -217.932632446289 -196.817413330078 -146.537353515625 -203.695983886719 -328.028472900391 -265.011871337891 -293.583801269531 -178.524551391602 -167.09846496582 -167.09846496582
-257.068481445312 -223.770721435547 -212.166046142578 -220.962905883789 -254.437927246094 -372.879180908203 -333.773468017578 -247.029373168945 -222.211776733398 -222.211776733398 -231.596176147461 -254.8232421875 -321.332672119141 -251.353271484375 -236.006744384766 -181.683227539062 -179.507766723633 -201.335830688477 -201.335830688477 -204.584716796875 -314.309051513672 -313.422668457031 -205.497634887695 -215.710113525391 -279.834747314453 -197.549407958984 -241.959503173828 -241.959503173828 -250.442504882812 -245.169387817383 -188.821136474609 -179.922927856445 -203.817443847656 -217.823654174805 -195.359359741211 -232.592926025391 -232.592926025391 -179.947677612305 -129.856826782227 -210.083206176758 -308.018676757812 -221.927459716797 -200.030746459961 -223.314163208008 -182.670806884766 -182.670806884766
-325.489807128906 -236.942642211914 -272.330017089844 -326.759674072266 -353.085418701172 -355.299285888672 -275.427947998047 -238.163833618164 -233.411590576172 -233.411590576172 -287.165740966797 -255.848037719727 -231.760406494141 -253.585998535156 -271.4287109375 -221.095794677734 -219.287399291992 -212.502487182617 -212.502487182617 -329.393737792969 -310.141876220703 -226.254547119141 -201.369201660156 -229.375915527344 -222.112777709961 -208.185470581055 -302.84716796875 -302.84716796875 -305.268493652344 -293.693054199219 -223.9453125 -240.78254699707 -263.065338134766 -247.813110351562 -233.028762817383 -313.363403320312 -313.363403320312 -178.709365844727 -131.450256347656 -208.604537963867 -242.467742919922 -236.634216308594 -186.202758789062 -201.257369995117 -211.757110595703 -211.757110595703
-376.541931152344 -242.524871826172 -407.955932617188 -747.402648925781 -470.157287597656 -305.321716308594 -222.710876464844 -180.410507202148 -184.021987915039 -184.021987915039 -330.478515625 -295.746520996094 -237.543151855469 -229.977874755859 -248.48095703125 -199.359893798828 -204.974365234375 -235.815521240234 -235.815521240234 -335.116607666016 -245.538848876953 -215.418502807617 -254.815795898438 -283.488067626953 -212.700057983398 -202.247451782227 -395.687896728516 -395.687896728516 -318.618438720703 -299.654479980469 -237.668441772461 -282.931030273438 -239.070541381836 -217.833923339844 -269.196838378906 -283.304504394531 -283.304504394531 -228.429061889648 -221.310974121094 -222.263778686523 -246.944869995117 -257.899200439453 -214.709396362305 -222.244338989258 -250.893341064453 -250.893341064453
-315.456512451172 -299.78369140625 -363.617401123047 -408.620086669922 -329.984008789062 -259.249755859375 -206.992477416992 -195.903213500977 -203.953109741211 -203.953109741211 -395.409729003906 -321.131744384766 -226.085342407227 -313.157623291016 -299.701446533203 -250.530364990234 -272.019775390625 -456.898864746094 -456.898864746094 -243.726318359375 -218.709854125977 -226.529907226562 -263.736419677734 -224.118942260742 -180.319473266602 -212.763168334961 -294.2314453125 -294.2314453125 -306.733093261719 -201.901580810547 -185.254867553711 -192.128326416016 -211.481964111328 -214.674407958984 -277.473114013672 -292.176971435547 -292.176971435547 -341.848541259766 -313.840454101562 -264.617095947266 -239.556228637695 -254.014358520508 -282.868377685547 -381.398040771484 -533.202209472656 -533.202209472656
-212.133453369141 -234.439437866211 -288.897094726562 -382.449462890625 -362.808532714844 -239.321685791016 -240.378692626953 -216.675735473633 -204.102523803711 -204.102523803711 -335.625061035156 -254.00959777832 -207.627685546875 -285.890502929688 -295.66943359375 -261.935424804688 -297.512390136719 -414.650451660156 -414.650451660156 -306.462707519531 -308.329772949219 -272.582244873047 -234.809783935547 -185.057235717773 -165.388412475586 -224.906265258789 -279.447265625 -279.447265625 -264.310791015625 -170.9638671875 -164.493743896484 -163.161834716797 -198.806259155273 -211.02668762207 -251.50080871582 -271.832702636719 -271.832702636719 -412.960327148438 -407.384124755859 -361.439056396484 -294.382720947266 -243.480865478516 -294.358978271484 -362.601806640625 -448.666625976562 -448.666625976562
-200.476760864258 -232.713806152344 -290.871948242188 -299.698089599609 -275.805603027344 -272.309326171875 -254.903366088867 -192.414916992188 -226.769821166992 -226.769821166992 -258.682586669922 -254.820358276367 -249.289215087891 -255.060394287109 -239.837982177734 -269.932037353516 -359.953826904297 -358.628265380859 -358.628265380859 -298.873291015625 -305.148406982422 -285.983489990234 -265.383575439453 -210.172332763672 -225.069931030273 -326.38623046875 -300.994995117188 -300.994995117188 -190.471298217773 -179.226913452148 -231.513473510742 -239.059768676758 -256.150299072266 -212.402648925781 -240.068359375 -291.369689941406 -291.369689941406 -500.029083251953 -457.120941162109 -422.247283935547 -324.488586425781 -349.901214599609 -259.947265625 -257.420532226562 -277.516418457031 -277.516418457031
-312.26708984375 -338.311889648438 -251.045471191406 -219.315780639648 -215.308212280273 -256.920715332031 -285.193695068359 -324.206848144531 -518.773376464844 -518.773376464844 -295.12109375 -256.495513916016 -288.957580566406 -291.408813476562 -238.432144165039 -337.556488037109 -378.503967285156 -410.270141601562 -410.270141601562 -392.516479492188 -354.579010009766 -385.408203125 -366.748077392578 -264.121063232422 -360.667633056641 -328.549346923828 -336.721405029297 -336.721405029297 -279.861694335938 -414.256469726562 -367.4521484375 -322.179473876953 -324.830322265625 -299.546661376953 -293.905242919922 -369.546569824219 -369.546569824219 -409.438842773438 -382.831207275391 -318.515899658203 -256.954040527344 -252.747833251953 -238.261138916016 -239.646911621094 -225.535400390625 -225.535400390625
-312.26708984375 -338.311889648438 -251.045471191406 -219.315780639648 -215.308212280273 -256.920715332031 -285.193695068359 -324.206848144531 -518.773376464844 -518.773376464844 -295.12109375 -256.495513916016 -288.957580566406 -291.408813476562 -238.432144165039 -337.556488037109 -378.503967285156 -410.270141601562 -410.270141601562 -392.516479492188 -354.579010009766 -385.408203125 -366.748077392578 -264.121063232422 -360.667633056641 -328.549346923828 -336.721405029297 -336.721405029297 -279.861694335938 -414.256469726562 -367.4521484375 -322.179473876953 -324.830322265625 -299.546661376953 -293.905242919922 -369.546569824219 -369.546569824219 -409.438842773438 -382.831207275391 -318.515899658203 -256.954040527344 -252.747833251953 -238.261138916016 -239.646911621094 -225.535400390625 -225.535400390625
-334.838562011719 -327.710510253906 -216.716171264648 -220.339248657227 -265.055603027344 -295.538513183594 -339.170013427734 -276.662445068359 -260.267028808594 -260.267028808594 -373.142517089844 -345.389617919922 -388.172821044922 -357.025299072266 -238.276077270508 -285.302978515625 -398.179382324219 -486.883880615234 -486.883880615234 -533.666748046875 -472.075073242188 -394.7978515625 -321.964538574219 -468.750457763672 -762.384521484375 -412.315063476562 -244.558120727539 -244.558120727539 -671.7314453125 -501.61669921875 -412.411254882812 -458.896209716797 -423.141540527344 -421.34619140625 -331.385498046875 -482.095733642578 -482.095733642578 -267.770416259766 -195.094467163086 -407.494079589844 -434.805297851562 -418.902282714844 -407.285522460938 -400.092529296875 -312.042724609375 -312.042724609375
