maps/GLG_500.asc
NCOLS 495 
NROWS 205 
XLLCORNER 16750.0004 
YLLCORNER 147750.0002 
CELLSIZE 500 
NODATA_value -9999 
[rows 80 to 99 of 205, columns 138 to 183 of 495]
-192.244140625 -192.244140625 -234.837097167969 -244.715881347656 -228.394012451172 -233.870407104492 -191.225311279297 -216.063858032227 -204.209732055664 -153.838775634766 -153.838775634766 -202.319549560547 -198.236968994141 -195.416870117188 -191.540603637695 -178.907241821289 -188.902114868164 -189.112182617188 -188.568817138672 -188.568817138672 -195.419647216797 -185.562088012695 -181.436187744141 -194.527725219727 -185.508666992188 -175.153121948242 -166.062286376953 -162.43586730957 -162.43586730957 -174.334564208984 -181.942276000977 -190.939498901367 -190.802780151367 -199.955108642578 -188.966445922852 -186.463195800781 -194.530975341797 -194.530975341797 -200.634216308594 -209.491058349609 -180.470474243164 -175.166397094727 -180.195098876953 -183.968399047852 -169.050994873047 -208.067840576172
-170.93473815918 -170.93473815918 -344.611755371094 -359.711517333984 -348.133972167969 -287.085021972656 -204.167816162109 -199.251876831055 -218.372421264648 -205.260330200195 -205.260330200195 -210.184875488281 -217.425857543945 -238.892318725586 -241.844741821289 -208.815185546875 -202.426025390625 -206.465423583984 -219.835891723633 -219.835891723633 -203.543701171875 -203.922088623047 -208.423629760742 -204.458953857422 -200.842224121094 -189.295227050781 -190.314102172852 -181.136932373047 -181.136932373047 -186.881637573242 -190.207138061523 -203.875305175781 -205.073440551758 -204.845718383789 -196.160522460938 -199.569381713867 -201.475631713867 -201.475631713867 -196.061752319336 -221.899566650391 -204.809692382812 -196.815292358398 -187.574432373047 -198.940063476562 -210.117233276367 -232.355865478516
-172.926376342773 -172.926376342773 -526.826843261719 -539.540222167969 -646.121704101562 -397.200134277344 -225.4326171875 -204.332427978516 -211.053451538086 -216.521118164062 -216.521118164062 -258.537231445312 -262.328674316406 -240.433502197266 -250.209381103516 -235.160064697266 -258.597503662109 -230.113540649414 -230.327362060547 -230.327362060547 -208.744033813477 -222.558486938477 -216.762924194336 -216.043563842773 -210.04313659668 -186.339508056641 -190.862380981445 -208.24153137207 -208.24153137207 -204.45719909668 -199.032791137695 -208.180603027344 -211.847015380859 -198.599578857422 -202.263305664062 -219.692520141602 -219.654190063477 -219.654190063477 -200.662979125977 -212.294616699219 -213.149307250977 -215.490936279297 -249.117477416992 -246.235931396484 -247.812850952148 -242.180191040039
-173.528289794922 -173.528289794922 -214.471572875977 -394.165374755859 -667.088500976562 -594.129760742188 -532.068176269531 -328.521667480469 -199.518646240234 -215.863647460938 -215.863647460938 -202.89241027832 -171.578536987305 -189.839004516602 -203.88346862793 -219.559051513672 -287.533752441406 -260.004089355469 -254.098556518555 -254.098556518555 -269.474273681641 -290.455688476562 -316.098266601562 -316.209564208984 -286.111938476562 -263.4267578125 -217.820419311523 -204.538711547852 -204.538711547852 -207.046966552734 -201.152801513672 -203.669815063477 -207.596252441406 -195.691223144531 -200.311233520508 -212.602935791016 -212.949615478516 -212.949615478516 -210.635848999023 -210.906234741211 -232.082946777344 -259.618774414062 -262.862121582031 -228.400177001953 -247.549774169922 -249.89616394043
-285.328704833984 -285.328704833984 -152.99821472168 -195.076095581055 -489.564025878906 -625.194091796875 -551.821899414062 -282.585388183594 -164.66618347168 -185.824691772461 -185.824691772461 -184.000137329102 -214.31787109375 -190.871322631836 -162.261566162109 -179.744842529297 -197.637741088867 -188.224105834961 -221.120452880859 -221.120452880859 -287.515563964844 -287.963928222656 -251.225082397461 -243.805114746094 -232.796112060547 -233.880310058594 -234.058151245117 -246.765655517578 -246.765655517578 -253.540603637695 -277.428436279297 -287.875152587891 -283.295135498047 -286.828186035156 -253.262817382812 -237.633316040039 -251.35270690918 -251.35270690918 -289.080108642578 -245.379760742188 -269.877288818359 -261.900451660156 -297.725524902344 -321.695678710938 -299.697937011719 -295.710021972656
-285.328704833984 -285.328704833984 -152.99821472168 -195.076095581055 -489.564025878906 -625.194091796875 -551.821899414062 -282.585388183594 -164.66618347168 -185.824691772461 -185.824691772461 -184.000137329102 -214.31787109375 -190.871322631836 -162.261566162109 -179.744842529297 -197.637741088867 -188.224105834961 -221.120452880859 -221.120452880859 -287.515563964844 -287.963928222656 -251.225082397461 -243.805114746094 -232.796112060547 -233.880310058594 -234.058151245117 -246.765655517578 -246.765655517578 -253.540603637695 -277.428436279297 -287.875152587891 -283.295135498047 -286.828186035156 -253.262817382812 -237.633316040039 -251.35270690918 -251.35270690918 -289.080108642578 -245.379760742188 -269.877288818359 -261.900451660156 -297.725524902344 -321.695678710938 -299.697937011719 -295.710021972656
-382.434844970703 -382.434844970703 -260.977264404297 -161.397720336914 -223.618301391602 -432.982574462891 -519.297119140625 -369.911773681641 -162.682495117188 -184.045608520508 -184.045608520508 -219.366149902344 -240.39973449707 -201.613433837891 -176.123428344727 -150.533325195312 -166.922470092773 -175.616775512695 -180.449081420898 -180.449081420898 -185.107116699219 -185.543365478516 -202.614288330078 -192.90754699707 -191.662887573242 -194.650451660156 -177.187759399414 -168.684188842773 -168.684188842773 -199.377166748047 -215.154571533203 -205.92170715332 -243.167037963867 -277.577087402344 -279.276336669922 -298.502624511719 -293.552825927734 -293.552825927734 -160.844299316406 -148.234268188477 -165.644653320312 -150.034591674805 -162.634887695312 -178.266906738281 -173.489501953125 -196.197784423828
-257.503143310547 -257.503143310547 -468.978149414062 -216.769104003906 -161.823867797852 -298.655853271484 -440.038116455078 -460.870330810547 -196.83137512207 -182.733367919922 -182.733367919922 -219.18473815918 -204.764190673828 -202.353057861328 -185.093154907227 -165.912185668945 -175.202575683594 -186.125381469727 -174.018142700195 -174.018142700195 -194.848815917969 -164.679306030273 -156.593856811523 -170.51838684082 -183.47477722168 -186.920547485352 -189.919250488281 -197.770324707031 -197.770324707031 -192.050003051758 -185.218231201172 -146.637451171875 -162.132537841797 -186.643051147461 -158.289581298828 -160.639205932617 -185.172821044922 -185.172821044922 -157.903991699219 -162.016998291016 -166.158340454102 -164.988510131836 -183.237991333008 -184.869476318359 -209.915985107422 -264.111480712891
-186.412902832031 -186.412902832031 -444.382659912109 -187.875915527344 -183.301940917969 -358.379730224609 -595.867065429688 -473.7880859375 -194.774536132812 -170.318649291992 -170.318649291992 -205.279342651367 -228.428329467773 -240.839782714844 -181.148681640625 -177.259643554688 -181.37809753418 -178.174713134766 -160.57633972168 -160.57633972168 -175.951995849609 -191.729583740234 -180.612991333008 -185.173034667969 -196.353179931641 -199.126739501953 -188.481430053711 -185.793670654297 -185.793670654297 -143.378311157227 -172.50016784668 -177.56428527832 -164.643615722656 -152.732757568359 -163.404159545898 -184.318725585938 -170.146545410156 -170.146545410156 -170.332046508789 -176.055969238281 -173.638961791992 -171.619491577148 -251.704940795898 -304.134338378906 -317.098083496094 -338.378692626953
-337.729919433594 -337.729919433594 -317.229522705078 -248.19953918457 -268.836090087891 -441.752532958984 -584.174926757812 -405.246124267578 -157.793594360352 -164.476043701172 -164.476043701172 -222.887756347656 -237.941848754883 -208.691497802734 -183.375747680664 -179.736694335938 -166.683868408203 -173.566207885742 -165.101898193359 -165.101898193359 -208.250595092773 -196.383529663086 -189.98991394043 -195.248062133789 -205.467880249023 -185.328323364258 -200.191497802734 -198.980407714844 -198.980407714844 -153.554336547852 -154.29704284668 -168.940841674805 -170.925186157227 -159.236267089844 -278.019470214844 -483.177215576172 -436.684661865234 -436.684661865234 -171.005813598633 -179.750640869141 -175.183868408203 -207.445648193359 -263.27587890625 -269.864929199219 -278.586608886719 -294.213195800781
-517.36181640625 -517.36181640625 -430.903991699219 -411.703491210938 -387.695190429688 -579.023681640625 -548.551330566406 -332.579376220703 -175.733627319336 -183.456695556641 -183.456695556641 -220.249008178711 -203.905288696289 -190.659225463867 -184.233596801758 -166.839721679688 -182.679733276367 -232.160720825195 -240.104705810547 -240.104705810547 -239.064727783203 -191.239593505859 -189.669555664062 -187.512771606445 -182.70783996582 -186.848129272461 -176.349334716797 -173.716415405273 -173.716415405273 -160.560775756836 -165.058959960938 -185.052932739258 -174.819396972656 -183.468048095703 -381.070953369141 -554.194946289062 -542.725341796875 -542.725341796875 -162.337753295898 -177.254165649414 -161.229141235352 -243.884185791016 -263.988800048828 -237.162582397461 -280.720733642578 -315.164459228516
-402.192138671875 -402.192138671875 -373.608581542969 -340.929351806641 -403.583618164062 -400.186462402344 -330.108367919922 -180.509521484375 -162.003952026367 -200.334365844727 -200.334365844727 -193.4423828125 -187.065460205078 -204.054443359375 -232.787139892578 -224.208206176758 -221.748580932617 -221.843460083008 -173.789962768555 -173.789962768555 -187.617156982422 -171.246063232422 -193.975662231445 -185.375350952148 -202.89192199707 -197.528778076172 -182.566802978516 -171.073944091797 -171.073944091797 -176.522323608398 -191.946136474609 -195.438461303711 -182.916793823242 -194.184478759766 -212.862884521484 -397.23388671875 -294.218231201172 -294.218231201172 -163.601486206055 -164.960174560547 -169.693725585938 -270.120147705078 -245.461456298828 -257.833374023438 -258.174896240234 -252.874862670898
-377.751708984375 -377.751708984375 -308.286804199219 -313.579833984375 -374.456726074219 -306.799591064453 -173.718017578125 -167.399841308594 -153.005493164062 -159.762161254883 -159.762161254883 -167.85514831543 -182.629943847656 -178.085372924805 -207.684616088867 -219.654922485352 -185.465194702148 -175.142837524414 -163.720687866211 -163.720687866211 -180.712310791016 -181.893447875977 -179.815521240234 -186.040328979492 -216.801605224609 -203.101623535156 -183.912200927734 -204.361541748047 -204.361541748047 -169.539459228516 -188.56575012207 -196.317733764648 -169.507675170898 -177.970977783203 -181.954223632812 -145.936431884766 -137.137832641602 -137.137832641602 -200.882171630859 -204.479141235352 -210.607482910156 -207.098876953125 -172.305404663086 -166.59977722168 -177.762786865234 -210.805114746094
-577.684326171875 -577.684326171875 -526.860412597656 -554.529113769531 -590.103576660156 -610.473754882812 -549.396179199219 -351.416473388672 -480.229400634766 -582.277465820312 -582.277465820312 -260.861206054688 -518.494567871094 -470.203125 -242.74446105957 -185.288497924805 -174.21028137207 -190.165969848633 -193.771270751953 -193.771270751953 -217.440963745117 -224.044784545898 -201.894729614258 -214.610229492188 -178.990356445312 -196.087753295898 -198.079696655273 -206.676071166992 -206.676071166992 -173.778381347656 -169.350036621094 -189.662857055664 -194.314392089844 -189.035537719727 -191.515319824219 -214.000076293945 -193.320434570312 -193.320434570312 -225.716995239258 -255.067321777344 -208.530319213867 -199.037292480469 -220.601623535156 -178.616455078125 -201.816955566406 -374.929718017578
-577.684326171875 -577.684326171875 -526.860412597656 -554.529113769531 -590.103576660156 -610.473754882812 -549.396179199219 -351.416473388672 -480.229400634766 -582.277465820312 -582.277465820312 -260.861206054688 -518.494567871094 -470.203125 -242.74446105957 -185.288497924805 -174.21028137207 -190.165969848633 -193.771270751953 -193.771270751953 -217.440963745117 -224.044784545898 -201.894729614258 -214.610229492188 -178.990356445312 -196.087753295898 -198.079696655273 -206.676071166992 -206.676071166992 -173.778381347656 -169.350036621094 -189.662857055664 -194.314392089844 -189.035537719727 -191.515319824219 -214.000076293945 -193.320434570312 -193.320434570312 -225.716995239258 -255.067321777344 -208.530319213867 -199.037292480469 -220.601623535156 -178.616455078125 -201.816955566406 -374.929718017578
-414.032135009766 -414.032135009766 -558.021179199219 -523.101623535156 -405.876586914062 -435.072021484375 -380.968353271484 -284.857452392578 -466.232940673828 -482.205505371094 -482.205505371094 -442.452514648438 -594.470886230469 -438.511993408203 -232.628921508789 -194.315383911133 -185.188171386719 -195.513595581055 -203.987442016602 -203.987442016602 -228.866363525391 -240.73518371582 -207.981628417969 -193.053451538086 -188.940551757812 -192.295288085938 -201.286361694336 -214.379989624023 -214.379989624023 -190.326126098633 -198.283416748047 -223.066207885742 -167.340209960938 -165.88899230957 -216.074249267578 -190.166702270508 -177.150817871094 -177.150817871094 -202.221008300781 -181.586654663086 -180.398956298828 -202.286956787109 -181.598846435547 -146.237442016602 -205.946334838867 -341.840606689453
-197.043716430664 -197.043716430664 -257.369140625 -221.780151367188 -165.177551269531 -174.194961547852 -200.581420898438 -224.306503295898 -418.919677734375 -574.927307128906 -574.927307128906 -452.479461669922 -560.266784667969 -393.56640625 -252.402099609375 -200.765655517578 -179.328948974609 -181.005081176758 -185.950576782227 -185.950576782227 -225.443206787109 -200.902313232422 -203.526260375977 -204.745559692383 -207.293655395508 -207.326889038086 -206.035583496094 -230.138137817383 -230.138137817383 -201.209442138672 -213.381088256836 -241.596862792969 -155.516967773438 -170.316452026367 -173.382400512695 -176.922164916992 -206.593185424805 -206.593185424805 -178.004898071289 -150.914047241211 -207.777908325195 -223.598159790039 -197.715240478516 -198.327713012695 -290.257659912109 -272.319122314453
-165.568634033203 -165.568634033203 -196.525650024414 -145.353317260742 -171.80712890625 -189.129776000977 -206.041259765625 -197.617553710938 -211.131729125977 -315.889495849609 -315.889495849609 -524.123413085938 -600.012023925781 -650.796997070312 -621.293090820312 -508.447967529297 -222.670959472656 -190.320129394531 -195.815689086914 -195.815689086914 -213.064666748047 -188.505859375 -213.840560913086 -206.574462890625 -209.205062866211 -206.042953491211 -203.865600585938 -197.452331542969 -197.452331542969 -199.872634887695 -208.664779663086 -228.526718139648 -196.081146240234 -185.372161865234 -165.205978393555 -198.721649169922 -210.251815795898 -210.251815795898 -180.96305847168 -210.237777709961 -221.509429931641 -236.862564086914 -219.457626342773 -286.204437255859 -277.042236328125 -268.228302001953
-199.787292480469 -199.787292480469 -198.041122436523 -179.717330932617 -182.758529663086 -153.925430297852 -176.030258178711 -201.146331787109 -182.347473144531 -227.810592651367 -227.810592651367 -305.242431640625 -325.443359375 -397.633697509766 -556.14990234375 -625.996948242188 -300.257995605469 -235.100997924805 -187.868240356445 -187.868240356445 -203.716232299805 -162.904296875 -172.428115844727 -170.114288330078 -161.708740234375 -185.943862915039 -173.566421508789 -183.414398193359 -183.414398193359 -177.051483154297 -197.547103881836 -237.322677612305 -228.837905883789 -226.760345458984 -222.916488647461 -199.594024658203 -209.171127319336 -209.171127319336 -246.340469360352 -242.259292602539 -180.522064208984 -198.154739379883 -254.213989257812 -295.149322509766 -285.853302001953 -294.704315185547
-272.112884521484 -272.112884521484 -280.510192871094 -219.010070800781 -215.407287597656 -208.90852355957 -220.339584350586 -182.066589355469 -177.66162109375 -206.266174316406 -206.266174316406 -180.830017089844 -168.825805664062 -241.95654296875 -518.569274902344 -518.000183105469 -247.837509155273 -245.20051574707 -220.61897277832 -220.61897277832 -183.229797363281 -145.735336303711 -152.553634643555 -155.093399047852 -197.391326904297 -205.218124389648 -208.611801147461 -194.507751464844 -194.507751464844 -237.283813476562 -238.544143676758 -212.394287109375 -199.672317504883 -211.054077148438 -224.043121337891 -207.10139465332 -254.394866943359 -254.394866943359 -256.702972412109 -201.302688598633 -218.176712036133 -253.081817626953 -255.592346191406 -268.509002685547 -280.5859375 -285.958404541016
