maps/GLG_500.asc
NCOLS 495 
NROWS 205 
XLLCORNER 16750.0004 
YLLCORNER 147750.0002 
CELLSIZE 500 
NODATA_value -9999 
[rows 100 to 119 of 205, columns 0 to 45 of 495]
-9999 -9999 -9999 -9999 -9999 -9999 -9999 -9999 -9999 -9999 -192.030075073242 -198.073226928711 -194.851455688477 -194.851455688477 -346.649230957031 -457.604461669922 -448.6923828125 -536.372741699219 -488.121307373047 -458.588409423828 -392.066497802734 -455.835174560547 -455.835174560547 -167.560089111328 -154.833755493164 -159.219161987305 -162.251815795898 -191.57666015625 -180.455764770508 -187.571426391602 -197.606201171875 -197.606201171875 -211.098434448242 -179.333511352539 -188.798446655273 -176.427230834961 -196.621932983398 -197.964767456055 -198.472213745117 -211.853790283203 -211.853790283203 -169.400619506836 -179.713180541992 -207.01985168457 -206.077682495117 -203.075637817383
-9999 -9999 -9999 -9999 -9999 -9999 -9999 -9999 -9999 -9999 -197.906066894531 -231.598754882812 -250.882095336914 -250.882095336914 -429.468048095703 -530.521362304688 -464.946716308594 -431.087188720703 -427.325317382812 -451.019500732422 -294.970916748047 -237.242553710938 -237.242553710938 -162.778244018555 -177.319564819336 -191.814254760742 -195.080444335938 -187.162399291992 -159.703872680664 -180.466064453125 -203.057922363281 -203.057922363281 -208.460861206055 -178.239364624023 -195.675598144531 -190.571685791016 -182.317672729492 -195.945220947266 -145.828460693359 -177.175140380859 -177.175140380859 -182.200088500977 -183.133712768555 -173.77702331543 -179.868499755859 -177.961929321289
-9999 -9999 -9999 -9999 -9999 -9999 -9999 -9999 -9999 -9999 -197.906066894531 -231.598754882812 -250.882095336914 -250.882095336914 -429.468048095703 -530.521362304688 -464.946716308594 -431.087188720703 -427.325317382812 -451.019500732422 -294.970916748047 -237.242553710938 -237.242553710938 -162.778244018555 -177.319564819336 -191.814254760742 -195.080444335938 -187.162399291992 -159.703872680664 -180.466064453125 -203.057922363281 -203.057922363281 -208.460861206055 -178.239364624023 -195.675598144531 -190.571685791016 -182.317672729492 -195.945220947266 -145.828460693359 -177.175140380859 -177.175140380859 -182.200088500977 -183.133712768555 -173.77702331543 -179.868499755859 -177.961929321289
-9999 -9999 -9999 -9999 -9999 -9999 -9999 -9999 -9999 -9999 -9999 -291.962219238281 -316.178771972656 -316.178771972656 -315.986022949219 -225.87580871582 -258.360961914062 -270.560363769531 -198.174011230469 -148.685729980469 -143.983673095703 -159.281845092773 -159.281845092773 -172.812423706055 -180.466812133789 -170.572738647461 -196.954330444336 -195.216567993164 -203.746368408203 -209.191253662109 -210.462600708008 -210.462600708008 -169.959487915039 -155.989456176758 -163.430252075195 -182.179885864258 -173.831314086914 -171.157699584961 -165.8818359375 -172.176681518555 -172.176681518555 -186.809646606445 -210.062286376953 -208.343048095703 -184.046096801758 -192.156112670898
-9999 -9999 -9999 -9999 -9999 -9999 -9999 -9999 -9999 -9999 -9999 -9999 -245.365173339844 -245.365173339844 -224.516540527344 -165.642318725586 -154.256683349609 -145.601669311523 -173.403854370117 -149.096618652344 -139.321838378906 -143.449295043945 -143.449295043945 -170.589645385742 -159.697799682617 -170.356079101562 -176.723159790039 -192.337936401367 -191.71028137207 -187.396820068359 -197.161849975586 -197.161849975586 -190.288497924805 -152.71061706543 -184.021942138672 -171.923141479492 -166.996124267578 -190.848190307617 -187.30339050293 -197.880584716797 -197.880584716797 -188.505554199219 -197.403930664062 -205.584289550781 -160.218276977539 -179.936462402344
-9999 -9999 -9999 -9999 -9999 -9999 -9999 -9999 -9999 -9999 -9999 -9999 -163.308609008789 -163.308609008789 -142.426712036133 -146.308837890625 -156.340042114258 -167.74755859375 -204.399917602539 -170.198913574219 -169.518280029297 -166.790588378906 -166.790588378906 -190.081497192383 -156.527755737305 -149.77880859375 -186.143218994141 -221.834381103516 -192.540161132812 -183.571105957031 -165.923858642578 -165.923858642578 -230.495208740234 -223.612396240234 -196.097808837891 -196.191833496094 -197.256958007812 -187.198348999023 -183.432678222656 -175.707992553711 -175.707992553711 -178.156631469727 -187.402450561523 -205.608383178711 -175.888168334961 -175.110717773438
-9999 -9999 -9999 -9999 -9999 -9999 -9999 -9999 -9999 -9999 -9999 -9999 -155.105331420898 -155.105331420898 -133.604888916016 -158.505584716797 -219.174758911133 -239.560363769531 -209.933776855469 -188.566787719727 -174.741134643555 -153.783126831055 -153.783126831055 -219.451705932617 -154.669036865234 -154.221450805664 -182.846160888672 -237.994598388672 -199.660247802734 -219.596252441406 -204.639175415039 -204.639175415039 -196.715515136719 -194.408508300781 -232.058013916016 -212.176071166992 -192.923385620117 -187.764312744141 -199.156127929688 -191.931686401367 -191.931686401367 -150.42658996582 -187.874755859375 -188.268020629883 -177.156509399414 -186.174728393555
-9999 -9999 -9999 -9999 -9999 -9999 -9999 -9999 -9999 -9999 -9999 -9999 -9999 -9999 -218.70085144043 -250.623916625977 -213.148239135742 -158.011535644531 -169.473358154297 -171.487442016602 -182.988082885742 -171.953170776367 -171.953170776367 -227.536712646484 -205.014877319336 -150.588592529297 -156.542999267578 -197.939270019531 -193.900329589844 -213.060348510742 -183.788024902344 -183.788024902344 -184.101821899414 -219.505081176758 -202.123092651367 -202.894317626953 -208.395629882812 -221.451675415039 -202.017044067383 -206.462677001953 -206.462677001953 -192.140563964844 -202.448760986328 -187.584823608398 -179.104797363281 -170.131591796875
-9999 -9999 -9999 -9999 -9999 -9999 -9999 -9999 -9999 -9999 -9999 -9999 -9999 -9999 -221.636642456055 -181.282028198242 -136.562591552734 -129.127334594727 -136.108139038086 -158.620498657227 -186.639526367188 -184.487533569336 -184.487533569336 -208.389831542969 -233.091018676758 -196.724456787109 -176.741561889648 -213.009704589844 -201.379470825195 -194.467010498047 -187.703735351562 -187.703735351562 -196.703338623047 -211.265380859375 -168.104354858398 -181.374588012695 -208.887023925781 -216.314956665039 -198.384506225586 -202.851913452148 -202.851913452148 -202.184661865234 -205.286911010742 -183.235214233398 -162.061004638672 -170.406768798828
-9999 -9999 -9999 -9999 -9999 -9999 -9999 -9999 -9999 -9999 -9999 -9999 -9999 -9999 -160.671646118164 -151.792831420898 -170.312118530273 -167.645904541016 -155.849990844727 -163.558242797852 -176.911804199219 -176.155639648438 -176.155639648438 -182.076766967773 -173.650482177734 -233.336303710938 -236.236907958984 -236.623031616211 -170.75032043457 -180.465103149414 -176.888092041016 -176.888092041016 -192.977554321289 -192.63232421875 -159.431701660156 -198.427764892578 -231.309707641602 -226.938934326172 -216.809310913086 -223.941757202148 -223.941757202148 -204.289474487305 -193.208786010742 -176.272994995117 -153.346801757812 -152.490219116211
-9999 -9999 -9999 -9999 -9999 -9999 -9999 -9999 -9999 -9999 -9999 -9999 -9999 -9999 -193.142425537109 -187.952438354492 -187.365646362305 -179.142639160156 -163.841506958008 -166.715347290039 -197.037170410156 -180.715072631836 -180.715072631836 -191.68293762207 -195.368103027344 -214.195938110352 -178.813278198242 -162.353103637695 -182.147979736328 -177.931823730469 -176.949569702148 -176.949569702148 -151.724212646484 -197.438735961914 -176.768768310547 -208.42658996582 -233.218933105469 -217.980133056641 -181.281372070312 -206.300018310547 -206.300018310547 -163.069976806641 -185.972366333008 -184.349502563477 -189.770812988281 -194.709976196289
-9999 -9999 -9999 -9999 -9999 -9999 -9999 -9999 -9999 -9999 -9999 -9999 -9999 -9999 -193.142425537109 -187.952438354492 -187.365646362305 -179.142639160156 -163.841506958008 -166.715347290039 -197.037170410156 -180.715072631836 -180.715072631836 -191.68293762207 -195.368103027344 -214.195938110352 -178.813278198242 -162.353103637695 -182.147979736328 -177.931823730469 -176.949569702148 -176.949569702148 -151.724212646484 -197.438735961914 -176.768768310547 -208.42658996582 -233.218933105469 -217.980133056641 -181.281372070312 -206.300018310547 -206.300018310547 -163.069976806641 -185.972366333008 -184.349502563477 -189.770812988281 -194.709976196289
-9999 -9999 -9999 -9999 -9999 -9999 -9999 -9999 -9999 -9999 -9999 -9999 -9999 -9999 -168.540191650391 -166.06169128418 -165.904403686523 -154.514617919922 -159.448593139648 -139.98649597168 -142.348434448242 -177.256149291992 -177.256149291992 -140.442504882812 -166.526458740234 -204.62939453125 -186.232223510742 -220.757873535156 -218.444366455078 -150.572235107422 -162.73503112793 -162.73503112793 -204.51579284668 -188.474670410156 -177.974258422852 -150.926803588867 -167.20182800293 -178.866516113281 -143.980667114258 -143.270355224609 -143.270355224609 -150.888122558594 -160.186157226562 -168.952529907227 -188.998291015625 -179.281005859375
-9999 -9999 -9999 -9999 -9999 -9999 -9999 -9999 -9999 -9999 -9999 -9999 -9999 -9999 -158.335342407227 -159.046691894531 -153.836456298828 -157.396728515625 -164.496566772461 -145.044021606445 -129.61408996582 -160.175231933594 -160.175231933594 -143.489105224609 -178.564056396484 -185.364151000977 -168.038497924805 -162.827026367188 -187.158584594727 -196.703094482422 -209.12321472168 -209.12321472168 -157.432800292969 -152.301177978516 -184.43147277832 -178.031372070312 -197.722930908203 -199.30224609375 -179.322616577148 -147.716033935547 -147.716033935547 -137.990142822266 -156.130661010742 -173.38459777832 -168.880111694336 -176.471984863281
-9999 -9999 -9999 -9999 -9999 -9999 -9999 -9999 -9999 -9999 -9999 -9999 -9999 -9999 -168.725204467773 -157.345077514648 -151.460845947266 -149.735382080078 -142.737319946289 -133.794662475586 -128.411376953125 -146.711975097656 -146.711975097656 -133.073303222656 -161.951553344727 -161.482772827148 -158.428100585938 -146.523483276367 -154.336959838867 -156.132858276367 -177.751327514648 -177.751327514648 -140.746795654297 -132.850891113281 -166.007629394531 -167.524124145508 -189.001602172852 -165.897811889648 -169.121017456055 -156.664749145508 -156.664749145508 -156.233642578125 -160.840957641602 -157.601028442383 -152.400466918945 -172.602142333984
-9999 -9999 -9999 -9999 -9999 -9999 -9999 -9999 -9999 -9999 -9999 -9999 -9999 -9999 -138.079132080078 -138.260208129883 -136.902877807617 -132.871704101562 -137.629730224609 -133.850082397461 -138.502670288086 -130.580749511719 -130.580749511719 -167.304489135742 -165.241546630859 -161.08544921875 -202.037017822266 -174.681213378906 -150.935302734375 -163.795532226562 -131.965118408203 -131.965118408203 -142.374664306641 -162.13215637207 -148.698928833008 -132.161972045898 -171.063995361328 -190.0146484375 -175.411239624023 -154.542129516602 -154.542129516602 -149.334533691406 -150.349334716797 -155.858123779297 -161.802490234375 -166.559509277344
-9999 -9999 -9999 -9999 -9999 -9999 -9999 -9999 -9999 -9999 -9999 -9999 -9999 -9999 -137.19645690918 -140.689819335938 -151.390609741211 -144.709442138672 -136.109191894531 -132.027633666992 -132.633026123047 -132.033782958984 -132.033782958984 -167.980758666992 -146.120330810547 -137.938980102539 -150.172836303711 -161.157135009766 -172.084671020508 -147.716506958008 -138.261093139648 -138.261093139648 -175.945541381836 -200.410675048828 -157.108612060547 -137.797515869141 -175.385635375977 -179.73486328125 -161.006820678711 -153.974670410156 -153.974670410156 -145.131469726562 -139.261917114258 -144.81135559082 -152.45751953125 -157.451370239258
-9999 -9999 -9999 -9999 -9999 -9999 -9999 -9999 -9999 -9999 -9999 -9999 -9999 -9999 -138.147720336914 -138.959320068359 -143.160018920898 -127.43049621582 -126.928375244141 -126.713317871094 -143.744171142578 -144.200881958008 -144.200881958008 -174.843780517578 -146.50260925293 -145.132476806641 -139.283126831055 -151.837310791016 -208.346267700195 -182.089569091797 -151.94026184082 -151.94026184082 -185.8544921875 -219.564971923828 -168.928009033203 -152.696929931641 -160.17936706543 -184.414260864258 -175.416717529297 -140.994522094727 -140.994522094727 -147.322479248047 -132.827331542969 -141.709274291992 -142.545440673828 -156.012985229492
-9999 -9999 -9999 -9999 -9999 -9999 -9999 -9999 -9999 -9999 -9999 -9999 -9999 -9999 -135.022430419922 -146.889404296875 -145.695587158203 -147.452667236328 -163.425750732422 -167.93212890625 -189.769622802734 -201.161956787109 -201.161956787109 -216.124740600586 -243.451904296875 -215.923294067383 -197.6474609375 -213.881118774414 -231.523696899414 -180.998046875 -150.09912109375 -150.09912109375 -152.547973632812 -195.297256469727 -200.313934326172 -181.898834228516 -186.077697753906 -170.75520324707 -173.281173706055 -145.908737182617 -145.908737182617 -182.698852539062 -165.675079345703 -165.562728881836 -148.343597412109 -143.179138183594
-9999 -9999 -9999 -9999 -9999 -9999 -9999 -9999 -9999 -9999 -9999 -9999 -9999 -9999 -191.718536376953 -159.451324462891 -201.692413330078 -200.26318359375 -199.222305297852 -215.985549926758 -267.417083740234 -254.603134155273 -254.603134155273 -259.928131103516 -269.744262695312 -262.382965087891 -246.328720092773 -228.450485229492 -207.220947265625 -171.153961181641 -169.501266479492 -169.501266479492 -188.386672973633 -223.348403930664 -229.552978515625 -229.577423095703 -178.603851318359 -181.278625488281 -182.50830078125 -189.018417358398 -189.018417358398 -163.560302734375 -172.89306640625 -163.363433837891 -175.814208984375 -177.369201660156
