maps/GLG_500.asc
NCOLS 495 
NROWS 205 
XLLCORNER 16750.0004 
YLLCORNER 147750.0002 
CELLSIZE 500 
NODATA_value -9999 
[rows 80 to 99 of 205, columns 184 to 229 of 495]
-208.067840576172 -232.079666137695 -248.125701904297 -221.604110717773 -189.30712890625 -191.840866088867 -206.222900390625 -186.421981811523 -173.896041870117 -173.896041870117 -181.332122802734 -192.549423217773 -182.366516113281 -202.866806030273 -154.024688720703 -176.257843017578 -207.192092895508 -231.424743652344 -231.424743652344 -286.946441650391 -306.052947998047 -318.751403808594 -306.710235595703 -301.921295166016 -276.468780517578 -241.446823120117 -200.075561523438 -200.075561523438 -188.658477783203 -207.936096191406 -223.099838256836 -210.581588745117 -189.29328918457 -162.243850708008 -182.63720703125 -186.973602294922 -186.973602294922 -215.406051635742 -203.082077026367 -244.080429077148 -244.080917358398 -257.477966308594 -260.583038330078 -172.575714111328 -186.819229125977 -186.819229125977
-232.355865478516 -288.955017089844 -306.532165527344 -258.181823730469 -246.828765869141 -260.242401123047 -270.494750976562 -228.835693359375 -221.235321044922 -221.235321044922 -224.832580566406 -224.415908813477 -193.108764648438 -207.199249267578 -175.770919799805 -181.607559204102 -237.280532836914 -280.861877441406 -280.861877441406 -273.490051269531 -281.200073242188 -281.552612304688 -235.715072631836 -215.821868896484 -274.506439208984 -282.896850585938 -222.218978881836 -222.218978881836 -160.670593261719 -184.634338378906 -204.646682739258 -205.890289306641 -209.135482788086 -186.443145751953 -219.31022644043 -196.344787597656 -196.344787597656 -181.243270874023 -189.359970092773 -196.570175170898 -185.37971496582 -209.356903076172 -199.257858276367 -212.676696777344 -209.38020324707 -209.38020324707
-242.180191040039 -1096.904296875 -379.904632568359 -346.239318847656 -332.586181640625 -318.367797851562 -325.735229492188 -318.651000976562 -248.284912109375 -248.284912109375 -222.805404663086 -215.75651550293 -198.718887329102 -209.706787109375 -197.074798583984 -205.252365112305 -236.139343261719 -236.255187988281 -236.255187988281 -285.512573242188 -263.888366699219 -233.867141723633 -218.635818481445 -273.673553466797 -284.955322265625 -238.699768066406 -221.810241699219 -221.810241699219 -179.785095214844 -180.648010253906 -236.381713867188 -210.759155273438 -249.077667236328 -262.458679199219 -232.797592163086 -154.352066040039 -154.352066040039 -141.028457641602 -173.49137878418 -175.250228881836 -180.546157836914 -180.44580078125 -172.024215698242 -212.340667724609 -218.108535766602 -218.108535766602
-249.89616394043 -935.01708984375 -411.189514160156 -381.642211914062 -382.659027099609 -355.905181884766 -353.059600830078 -354.977294921875 -306.627166748047 -306.627166748047 -213.77294921875 -202.973602294922 -186.980056762695 -171.022384643555 -189.889205932617 -197.379409790039 -236.552337646484 -266.707550048828 -266.707550048828 -217.765899658203 -213.878280639648 -211.471343994141 -233.753067016602 -248.042007446289 -200.473297119141 -211.177993774414 -222.768844604492 -222.768844604492 -207.121276855469 -267.109008789062 -307.2275390625 -254.085998535156 -277.670593261719 -230.507110595703 -148.366668701172 -139.288375854492 -139.288375854492 -137.192672729492 -135.366455078125 -161.174728393555 -179.391311645508 -175.635925292969 -192.364944458008 -195.551864624023 -183.495819091797 -183.495819091797
-295.710021972656 -339.513793945312 -414.820739746094 -366.279998779297 -358.857849121094 -279.940612792969 -298.650024414062 -233.121292114258 -206.635131835938 -206.635131835938 -244.732620239258 -237.419281005859 -235.096527099609 -243.417938232422 -254.45556640625 -268.711120605469 -259.710083007812 -299.215576171875 -299.215576171875 -245.079559326172 -256.907257080078 -275.607574462891 -271.249267578125 -276.943664550781 -272.346771240234 -278.312530517578 -309.475341796875 -309.475341796875 -237.194229125977 -207.482711791992 -159.461502075195 -136.011199951172 -136.256225585938 -136.547256469727 -164.768798828125 -173.724243164062 -173.724243164062 -174.774826049805 -169.086883544922 -150.937713623047 -154.215316772461 -174.640884399414 -201.314529418945 -229.473709106445 -238.558486938477 -238.558486938477
-295.710021972656 -339.513793945312 -414.820739746094 -366.279998779297 -358.857849121094 -279.940612792969 -298.650024414062 -233.121292114258 -206.635131835938 -206.635131835938 -244.732620239258 -237.419281005859 -235.096527099609 -243.417938232422 -254.45556640625 -268.711120605469 -259.710083007812 -299.215576171875 -299.215576171875 -245.079559326172 -256.907257080078 -275.607574462891 -271.249267578125 -276.943664550781 -272.346771240234 -278.312530517578 -309.475341796875 -309.475341796875 -237.194229125977 -207.482711791992 -159.461502075195 -136.011199951172 -136.256225585938 -136.547256469727 -164.768798828125 -173.724243164062 -173.724243164062 -174.774826049805 -169.086883544922 -150.937713623047 -154.215316772461 -174.640884399414 -201.314529418945 -229.473709106445 -238.558486938477 -238.558486938477
-196.197784423828 -262.534759521484 -370.765991210938 -386.376342773438 -376.541229248047 -354.278350830078 -335.080902099609 -188.725402832031 -163.183242797852 -163.183242797852 -213.253143310547 -204.965393066406 -210.520416259766 -203.997680664062 -206.909759521484 -199.717208862305 -245.597549438477 -252.426193237305 -252.426193237305 -219.480255126953 -240.722747802734 -250.986221313477 -269.066833496094 -272.979858398438 -209.221237182617 -203.328964233398 -210.501251220703 -210.501251220703 -171.143630981445 -142.737533569336 -136.094802856445 -144.621917724609 -141.583084106445 -166.040557861328 -179.1162109375 -175.26025390625 -175.26025390625 -190.24528503418 -174.51513671875 -151.417449951172 -161.221328735352 -192.10026550293 -229.325485229492 -214.461975097656 -178.906326293945 -178.906326293945
-264.111480712891 -415.910461425781 -381.088470458984 -410.422546386719 -410.397216796875 -340.865661621094 -242.70051574707 -184.724563598633 -219.367904663086 -219.367904663086 -183.451538085938 -191.360717773438 -187.175796508789 -177.911727905273 -171.449203491211 -155.593460083008 -182.356048583984 -206.465896606445 -206.465896606445 -186.846557617188 -168.808120727539 -196.57585144043 -215.255157470703 -219.796890258789 -163.287796020508 -153.568939208984 -168.162612915039 -168.162612915039 -166.583435058594 -156.354766845703 -163.132339477539 -159.63557434082 -158.470794677734 -168.118103027344 -177.009811401367 -176.239273071289 -176.239273071289 -203.824600219727 -191.7568359375 -167.26725769043 -210.79296875 -277.458892822266 -281.778167724609 -284.902923583984 -214.272537231445 -214.272537231445
-338.378692626953 -332.958679199219 -339.076019287109 -325.221527099609 -337.844177246094 -271.529266357422 -186.031021118164 -193.036682128906 -222.48127746582 -222.48127746582 -205.875793457031 -188.234344482422 -157.858596801758 -161.388458251953 -161.739562988281 -160.999847412109 -179.789474487305 -168.318084716797 -168.318084716797 -163.843933105469 -153.929077148438 -198.617691040039 -193.929809570312 -167.132446289062 -165.498138427734 -152.260986328125 -151.873291015625 -151.873291015625 -162.277053833008 -176.655014038086 -161.557006835938 -152.393463134766 -161.947357177734 -169.596725463867 -188.739929199219 -174.907577514648 -174.907577514648 -189.491622924805 -208.765411376953 -172.731567382812 -178.055160522461 -247.610397338867 -257.716247558594 -243.428848266602 -220.691375732422 -220.691375732422
-294.213195800781 -371.075073242188 -294.254974365234 -267.616790771484 -269.443389892578 -194.54753112793 -179.211822509766 -196.770553588867 -185.77604675293 -185.77604675293 -167.097946166992 -175.532592773438 -157.036239624023 -147.887008666992 -161.312713623047 -169.053253173828 -160.467895507812 -152.134841918945 -152.134841918945 -174.629455566406 -199.733383178711 -190.754425048828 -161.090957641602 -155.620513916016 -148.915390014648 -141.188888549805 -152.88493347168 -152.88493347168 -174.942153930664 -174.661743164062 -167.943328857422 -179.731399536133 -186.334121704102 -178.68489074707 -171.455841064453 -171.760925292969 -171.760925292969 -180.505386352539 -187.552261352539 -170.021865844727 -197.930145263672 -267.947174072266 -258.562042236328 -237.703872680664 -228.203659057617 -228.203659057617
-315.164459228516 -318.997009277344 -323.338012695312 -438.772277832031 -235.550765991211 -176.601837158203 -193.156280517578 -192.165557861328 -159.630279541016 -159.630279541016 -160.433395385742 -150.423934936523 -162.055419921875 -176.845321655273 -177.761428833008 -172.364440917969 -159.599563598633 -151.735336303711 -151.735336303711 -154.599960327148 -170.248245239258 -155.483810424805 -137.212295532227 -151.412963867188 -156.154556274414 -157.548355102539 -182.505279541016 -182.505279541016 -194.157165527344 -171.997817993164 -171.686508178711 -207.660110473633 -193.796356201172 -184.523468017578 -171.589508056641 -172.300704956055 -172.300704956055 -175.737030029297 -172.453323364258 -171.833343505859 -234.819473266602 -291.89404296875 -316.263580322266 -297.423278808594 -270.823394775391 -270.823394775391
-252.874862670898 -261.017150878906 -385.929870605469 -365.434722900391 -192.155227661133 -151.403930664062 -136.478897094727 -153.662033081055 -166.492004394531 -166.492004394531 -138.985198974609 -145.700881958008 -166.694808959961 -171.570693969727 -168.622528076172 -154.199371337891 -171.967819213867 -151.459976196289 -151.459976196289 -161.372634887695 -172.272796630859 -160.24723815918 -168.856674194336 -179.858474731445 -202.670043945312 -206.463470458984 -208.347305297852 -208.347305297852 -187.451950073242 -175.996307373047 -189.040954589844 -184.504837036133 -184.419677734375 -174.892517089844 -169.284301757812 -172.614303588867 -172.614303588867 -176.319046020508 -183.370574951172 -199.837615966797 -240.176498413086 -248.575424194336 -240.691131591797 -293.279510498047 -270.294067382812 -270.294067382812
-210.805114746094 -238.075866699219 -268.195159912109 -175.856506347656 -159.16194152832 -161.125473022461 -141.405242919922 -145.079635620117 -146.366485595703 -146.366485595703 -169.867630004883 -177.232131958008 -180.302200317383 -167.236465454102 -174.418319702148 -170.801086425781 -167.617797851562 -176.917770385742 -176.917770385742 -153.850769042969 -167.308883666992 -166.950653076172 -168.252914428711 -205.446228027344 -220.96452331543 -231.1455078125 -222.716995239258 -222.716995239258 -204.525817871094 -198.223068237305 -182.701278686523 -177.448577880859 -168.936401367188 -173.238082885742 -172.68049621582 -183.642425537109 -183.642425537109 -197.732513427734 -210.617874145508 -264.589019775391 -268.610168457031 -234.141098022461 -236.437805175781 -253.149612426758 -261.198638916016 -261.198638916016
-374.929718017578 -333.43408203125 -376.893157958984 -323.867279052734 -155.891204833984 -158.921890258789 -163.338592529297 -166.252655029297 -164.82731628418 -164.82731628418 -169.599273681641 -184.116729736328 -187.627532958984 -190.965423583984 -178.842788696289 -177.326858520508 -153.664855957031 -153.077163696289 -153.077163696289 -186.564392089844 -207.160247802734 -211.851379394531 -212.881973266602 -219.602828979492 -194.792922973633 -179.821929931641 -189.865905761719 -189.865905761719 -200.845642089844 -176.698440551758 -186.963760375977 -202.463516235352 -182.182357788086 -185.543029785156 -177.952911376953 -171.203231811523 -171.203231811523 -174.579605102539 -200.748474121094 -230.242523193359 -318.393737792969 -272.962463378906 -216.271545410156 -220.328033447266 -203.356185913086 -203.356185913086
-374.929718017578 -333.43408203125 -376.893157958984 -323.867279052734 -155.891204833984 -158.921890258789 -163.338592529297 -166.252655029297 -164.82731628418 -164.82731628418 -169.599273681641 -184.116729736328 -187.627532958984 -190.965423583984 -178.842788696289 -177.326858520508 -153.664855957031 -153.077163696289 -153.077163696289 -186.564392089844 -207.160247802734 -211.851379394531 -212.881973266602 -219.602828979492 -194.792922973633 -179.821929931641 -189.865905761719 -189.865905761719 -200.845642089844 -176.698440551758 -186.963760375977 -202.463516235352 -182.182357788086 -185.543029785156 -177.952911376953 -171.203231811523 -171.203231811523 -174.579605102539 -200.748474121094 -230.242523193359 -318.393737792969 -272.962463378906 -216.271545410156 -220.328033447266 -203.356185913086 -203.356185913086
-341.840606689453 -423.705535888672 -365.604919433594 -166.27815246582 -164.925079345703 -164.421508789062 -165.296569824219 -165.124160766602 -172.007598876953 -172.007598876953 -177.627227783203 -180.855804443359 -181.333709716797 -182.170928955078 -175.598083496094 -168.172286987305 -176.637283325195 -189.793884277344 -189.793884277344 -214.909851074219 -197.174270629883 -196.811752319336 -205.37744140625 -214.941772460938 -206.091918945312 -200.904067993164 -204.590789794922 -204.590789794922 -215.296310424805 -191.44514465332 -183.355194091797 -208.726943969727 -189.473922729492 -185.713562011719 -162.776260375977 -162.998519897461 -162.998519897461 -193.67268371582 -201.217910766602 -238.050598144531 -361.154357910156 -371.758178710938 -297.347106933594 -275.195098876953 -251.862686157227 -251.862686157227
-272.319122314453 -249.393402099609 -220.132659912109 -163.568725585938 -172.442092895508 -164.734985351562 -164.506866455078 -159.90007019043 -172.397796630859 -172.397796630859 -173.519500732422 -168.81916809082 -178.614273071289 -190.534210205078 -198.032470703125 -199.377731323242 -206.935073852539 -197.820938110352 -197.820938110352 -182.658309936523 -187.495498657227 -218.461959838867 -209.310699462891 -221.029357910156 -210.697036743164 -204.167938232422 -214.818115234375 -214.818115234375 -206.120468139648 -198.386093139648 -236.9072265625 -198.03791809082 -187.729370117188 -181.317764282227 -190.433792114258 -179.379943847656 -179.379943847656 -181.448287963867 -231.207214355469 -438.441528320312 -465.281829833984 -505.707611083984 -457.300903320312 -391.615203857422 -318.940399169922 -318.940399169922
-268.228302001953 -164.98454284668 -179.16064453125 -176.023376464844 -164.262924194336 -159.098663330078 -169.659240722656 -173.421646118164 -176.997009277344 -176.997009277344 -190.266799926758 -190.916946411133 -202.414459228516 -208.582153320312 -198.1728515625 -189.291870117188 -190.230422973633 -188.829437255859 -188.829437255859 -194.733383178711 -210.072845458984 -203.761383056641 -196.543106079102 -202.372009277344 -218.697723388672 -217.298767089844 -218.085083007812 -218.085083007812 -176.866516113281 -125.03409576416 -214.934036254883 -205.827117919922 -174.026092529297 -186.554489135742 -188.330230712891 -182.132583618164 -182.132583618164 -178.665481567383 -264.867889404297 -529.157653808594 -415.928497314453 -489.029418945312 -539.33251953125 -619.66064453125 -562.959045410156 -562.959045410156
-294.704315185547 -342.369720458984 -211.078277587891 -157.365417480469 -163.937927246094 -166.210266113281 -156.494247436523 -173.725616455078 -186.697479248047 -186.697479248047 -193.061019897461 -196.467178344727 -198.980178833008 -189.227005004883 -187.452911376953 -181.745758056641 -179.306686401367 -185.792098999023 -185.792098999023 -194.230102539062 -196.879974365234 -195.675003051758 -207.961074829102 -205.170822143555 -198.621002197266 -216.951797485352 -246.905715942383 -246.905715942383 -134.952499389648 -203.500030517578 -237.123138427734 -196.559753417969 -183.689682006836 -176.549133300781 -167.484664916992 -182.518356323242 -182.518356323242 -180.93359375 -232.095825195312 -512.415710449219 -585.396911621094 -555.644165039062 -599.273986816406 -624.628356933594 -591.545776367188 -591.545776367188
-285.958404541016 -367.408660888672 -300.444519042969 -185.195541381836 -188.059646606445 -190.652587890625 -189.183776855469 -188.31852722168 -190.436584472656 -190.436584472656 -193.824447631836 -185.293426513672 -195.938720703125 -193.62287902832 -191.479705810547 -191.344543457031 -178.788238525391 -193.251388549805 -193.251388549805 -201.059875488281 -200.318115234375 -205.594848632812 -232.164733886719 -236.154159545898 -227.889450073242 -209.250122070312 -251.019500732422 -251.019500732422 -196.000991821289 -243.581329345703 -214.490921020508 -225.120132446289 -203.419830322266 -196.157760620117 -175.696929931641 -180.382766723633 -180.382766723633 -164.885864257812 -164.825744628906 -277.758178710938 -448.871826171875 -544.944458007812 -483.214233398438 -494.519775390625 -486.263977050781 -486.263977050781
