maps/GWL_avg_500.asc
NCOLS 495 
NROWS 205 
XLLCORNER 16750.0004 
YLLCORNER 147750.0002 
CELLSIZE 500 
NODATA_value -9999 
[rows 126 to 146 of 205, columns 423 to 469 of 495]
12.354754447937 12.9887990951538 8.39690208435059 4.2365927696228 4.2365927696228 6.25952625274658 7.14230442047119 4.53382062911987 3.44176340103149 7.83606290817261 7.62542104721069 7.27321434020996 10.4340867996216 10.4340867996216 13.4863615036011 12.7901735305786 4.59333896636963 2.52535176277161 6.33532381057739 14.1031112670898 14.8849506378174 14.472562789917 14.472562789917 22.5841026306152 8.55084896087646 5.6855583190918 5.47484731674194 5.38507556915283 5.64059066772461 5.53588819503784 5.52781629562378 5.52781629562378 4.28231143951416 4.48732423782349 3.46989154815674 5.5651593208313 6.3335485458374 6.42763519287109 -9999 -9999 -9999 -9999 -9999 -9999 -9999 -9999 -9999
11.7464933395386 5.71475839614868 4.14352512359619 6.73363208770752 6.73363208770752 13.3134832382202 10.1230907440186 7.61823225021362 5.07958698272705 11.6902236938477 13.0634698867798 14.2745399475098 15.4445142745972 15.4445142745972 15.139066696167 13.8499479293823 7.92536783218384 8.57138824462891 11.8444957733154 12.5255575180054 13.271782875061 15.8347826004028 15.8347826004028 13.3982238769531 7.56147241592407 5.14719247817993 5.78287029266357 6.8295111656189 7.42449808120728 6.07049465179443 4.90244054794312 4.90244054794312 4.18668651580811 5.21667766571045 2.52061748504639 3.06448030471802 5.85754299163818 5.80858182907104 -9999 -9999 -9999 -9999 -9999 -9999 -9999 -9999 -9999
10.3955955505371 2.59323287010193 10.9800405502319 15.2938833236694 15.2938833236694 15.6606721878052 12.5120849609375 8.45066261291504 6.61838436126709 11.3880128860474 13.4435176849365 15.1498975753784 14.5559692382812 14.5559692382812 14.5533418655396 14.5858421325684 11.3277292251587 7.08910083770752 8.39709663391113 7.27363872528076 12.3247594833374 18.5263538360596 18.5263538360596 11.3076868057251 7.55624055862427 4.04067277908325 5.02830076217651 5.70559978485107 7.25502586364746 7.43445587158203 5.06430101394653 5.06430101394653 4.44621419906616 4.13660287857056 4.64283514022827 3.62311339378357 -9999 -9999 -9999 -9999 -9999 -9999 -9999 -9999 -9999 -9999 -9999
10.3955955505371 2.59323287010193 10.9800405502319 15.2938833236694 15.2938833236694 15.6606721878052 12.5120849609375 8.45066261291504 6.61838436126709 11.3880128860474 13.4435176849365 15.1498975753784 14.5559692382812 14.5559692382812 14.5533418655396 14.5858421325684 11.3277292251587 7.08910083770752 8.39709663391113 7.27363872528076 12.3247594833374 18.5263538360596 18.5263538360596 11.3076868057251 7.55624055862427 4.04067277908325 5.02830076217651 5.70559978485107 7.25502586364746 7.43445587158203 5.06430101394653 5.06430101394653 4.44621419906616 4.13660287857056 4.64283514022827 3.62311339378357 -9999 -9999 -9999 -9999 -9999 -9999 -9999 -9999 -9999 -9999 -9999
3.19713568687439 11.0133390426636 15.5170288085938 14.5256986618042 14.5256986618042 14.4090347290039 8.88791751861572 6.81348085403442 13.4731998443604 14.7492227554321 11.246844291687 11.5377931594849 16.8930397033691 16.8930397033691 11.9786520004272 12.5776042938232 12.4269647598267 12.1802339553833 12.3717212677002 13.9530382156372 5.25591230392456 4.02843475341797 4.02843475341797 15.8742151260376 8.09912014007568 3.34181189537048 4.50948524475098 5.76254463195801 6.05171585083008 5.54119920730591 3.86879730224609 3.86879730224609 3.65235543251038 5.01213216781616 4.74573373794556 -9999 -9999 -9999 -9999 -9999 -9999 -9999 -9999 -9999 -9999 -9999 -9999
2.82120990753174 5.02960777282715 6.92935132980347 6.5299220085144 6.5299220085144 5.17742776870728 7.62774896621704 11.9217805862427 15.4350728988647 17.3734035491943 14.7456016540527 13.5193147659302 15.1480569839478 15.1480569839478 10.8460502624512 10.604621887207 11.2736692428589 13.9948854446411 15.6080493927002 13.9892024993896 5.68615627288818 10.7090654373169 10.7090654373169 18.7613410949707 4.25775671005249 3.77855849266052 4.56135177612305 5.17369079589844 5.75194311141968 5.72668266296387 4.46334886550903 4.46334886550903 3.25467467308044 4.43147850036621 -9999 -9999 4.11011028289795 4.02745532989502 -9999 -9999 -9999 -9999 -9999 -9999 -9999 -9999 -9999
8.78045177459717 15.2533111572266 14.4542264938354 15.6926507949829 15.6926507949829 10.0490198135376 10.0246391296387 17.772289276123 20.3359527587891 20.3749923706055 18.0371513366699 14.1326007843018 14.5720710754395 14.5720710754395 10.6683521270752 11.1182556152344 10.4794178009033 12.703574180603 16.2982654571533 19.4542293548584 12.7005176544189 6.22410821914673 6.22410821914673 14.0500774383545 3.0872974395752 3.40496897697449 4.10274219512939 3.86544132232666 4.25520610809326 4.31330871582031 4.23346662521362 4.23346662521362 4.59881258010864 5.37524032592773 -9999 3.42804789543152 4.09721708297729 4.66469573974609 5.09100484848022 -9999 -9999 -9999 -9999 -9999 -9999 -9999 -9999
10.3756246566772 17.7562274932861 19.3481845855713 19.0380325317383 19.0380325317383 17.6064262390137 15.7291316986084 19.108377456665 23.1888217926025 23.0892753601074 22.3028221130371 19.8069763183594 15.6148958206177 15.6148958206177 10.8915195465088 11.2849969863892 13.6504650115967 13.2245845794678 14.8936643600464 16.5655078887939 12.8068561553955 3.1416118144989 3.1416118144989 3.71060109138489 1.84193992614746 2.9891242980957 3.65226602554321 2.83579230308533 3.14426016807556 3.23813819885254 3.72880792617798 3.72880792617798 4.38095045089722 5.24121189117432 4.32673168182373 4.42662572860718 4.42462873458862 5.42588520050049 5.99640655517578 -9999 -9999 -9999 -9999 -9999 -9999 -9999 -9999
7.28977823257446 14.6431331634521 19.3720760345459 19.8822116851807 19.8822116851807 20.4616641998291 21.2035846710205 22.7091217041016 23.6446361541748 21.8522090911865 21.1435470581055 22.615421295166 20.7052307128906 20.7052307128906 13.5228624343872 11.9776077270508 13.4426736831665 8.82469463348389 11.0028705596924 15.8769121170044 17.4809284210205 17.8373966217041 17.8373966217041 2.38081765174866 1.7945237159729 1.94228041172028 2.72920322418213 2.57654166221619 3.29683637619019 2.71291375160217 2.63849639892578 2.63849639892578 2.84274673461914 2.69215679168701 2.42365956306458 3.62639927864075 4.4385552406311 5.45031690597534 6.59003448486328 -9999 -9999 -9999 -9999 -9999 -9999 -9999 -9999
4.25393962860107 8.56539154052734 13.6035299301147 15.6078586578369 15.6078586578369 20.2848968505859 23.2843055725098 22.0512447357178 20.0304641723633 20.52610206604 18.8069343566895 20.8931636810303 22.0357227325439 22.0357227325439 19.306131362915 18.7561740875244 17.1479549407959 13.7973823547363 14.2608346939087 16.6014747619629 16.8495845794678 9.54832458496094 9.54832458496094 2.39152693748474 2.58912181854248 2.81716227531433 2.4472131729126 2.015380859375 2.39395189285278 2.62474966049194 3.41333389282227 3.41333389282227 2.90294528007507 2.32716655731201 2.15734052658081 3.46805119514465 3.76721668243408 3.38367366790771 -9999 -9999 -9999 -9999 -9999 -9999 -9999 -9999 -9999
3.24318480491638 6.34456348419189 8.34023571014404 13.1587762832642 13.1587762832642 17.6869049072266 21.5786895751953 21.7590179443359 19.3594913482666 15.5670585632324 15.9434185028076 18.5200309753418 20.8194999694824 20.8194999694824 19.495906829834 18.6736755371094 21.5252857208252 21.3762626647949 21.7482128143311 22.9502544403076 17.953519821167 8.42073059082031 8.42073059082031 2.94254231452942 3.47882294654846 2.92875337600708 1.9936192035675 2.04747438430786 2.09983277320862 2.9552218914032 3.77552819252014 3.77552819252014 4.37433433532715 2.94888353347778 3.11472177505493 3.8971745967865 3.97924184799194 -9999 -9999 -9999 -9999 -9999 -9999 -9999 -9999 -9999 -9999
3.88578796386719 6.57646703720093 5.22769021987915 8.30918312072754 8.30918312072754 20.9920597076416 22.721155166626 22.3727035522461 17.4176788330078 9.46262836456299 18.6209774017334 17.7008476257324 17.4957504272461 17.4957504272461 16.9172859191895 18.9214916229248 21.817964553833 20.2973804473877 18.419017791748 16.0347938537598 15.1228265762329 7.84150981903076 7.84150981903076 2.34452199935913 2.0814905166626 2.12071561813354 2.03397679328918 2.01586365699768 2.23620939254761 2.86339068412781 3.38858437538147 3.38858437538147 2.5660514831543 3.09984493255615 3.65394043922424 4.84752607345581 4.9471321105957 -9999 -9999 -9999 -9999 -9999 -9999 -9999 -9999 -9999 -9999
3.88578796386719 6.57646703720093 5.22769021987915 8.30918312072754 8.30918312072754 20.9920597076416 22.721155166626 22.3727035522461 17.4176788330078 9.46262836456299 18.6209774017334 17.7008476257324 17.4957504272461 17.4957504272461 16.9172859191895 18.9214916229248 21.817964553833 20.2973804473877 18.419017791748 16.0347938537598 15.1228265762329 7.84150981903076 7.84150981903076 2.34452199935913 2.0814905166626 2.12071561813354 2.03397679328918 2.01586365699768 2.23620939254761 2.86339068412781 3.38858437538147 3.38858437538147 2.5660514831543 3.09984493255615 3.65394043922424 4.84752607345581 4.9471321105957 -9999 -9999 -9999 -9999 -9999 -9999 -9999 -9999 -9999 -9999
2.29824113845825 3.15315318107605 3.95525360107422 4.1583399772644 4.1583399772644 8.76459789276123 14.1037120819092 10.4045743942261 7.38705778121948 11.5886888504028 12.3596391677856 9.97024250030518 12.4527082443237 12.4527082443237 14.6756772994995 14.7858686447144 17.2662334442139 22.0814914703369 18.5822124481201 16.4243698120117 13.092022895813 2.43537354469299 2.43537354469299 1.77116763591766 1.65395903587341 3.33430814743042 1.75530755519867 2.27914261817932 3.8955545425415 2.67688345909119 3.25405669212341 3.25405669212341 2.47703504562378 3.54664897918701 4.76705074310303 4.69303798675537 -9999 -9999 -9999 -9999 -9999 -9999 -9999 -9999 -9999 -9999 -9999
1.63833928108215 2.26919507980347 4.41302919387817 4.5944972038269 4.5944972038269 2.41314840316772 2.75726079940796 2.87898921966553 11.8735847473145 10.9560079574585 5.46080017089844 7.72285175323486 12.4514923095703 12.4514923095703 12.5603342056274 14.6546497344971 18.6751365661621 22.3695487976074 22.3773765563965 22.6726474761963 9.58341693878174 0.864214777946472 0.864214777946472 1.99420964717865 1.51441931724548 2.3738956451416 1.61529719829559 2.37347483634949 4.1519079208374 3.09606146812439 2.93609881401062 2.93609881401062 3.25756692886353 3.51016187667847 4.62354707717896 -9999 -9999 -9999 -9999 -9999 -9999 -9999 -9999 -9999 -9999 -9999 -9999
1.4640417098999 1.46543276309967 2.60674333572388 2.53180432319641 2.53180432319641 1.60727524757385 1.37807333469391 2.57774448394775 4.43121528625488 2.50979566574097 7.08458757400513 7.9483585357666 9.40084171295166 9.40084171295166 11.3126039505005 12.2955856323242 12.9083099365234 18.4452953338623 20.5310516357422 9.97405242919922 4.02697563171387 2.88748598098755 2.88748598098755 2.32121157646179 2.20754551887512 2.80124378204346 1.43694341182709 2.01767301559448 3.6371283531189 3.29195785522461 2.55460572242737 2.55460572242737 4.3860239982605 4.11003828048706 4.79763650894165 -9999 -9999 -9999 -9999 -9999 -9999 -9999 -9999 -9999 -9999 -9999 -9999
1.65439450740814 1.04273414611816 1.5583655834198 1.66418242454529 1.66418242454529 1.57184088230133 2.00088286399841 2.00921988487244 1.26409447193146 3.21301221847534 11.5664348602295 9.41668891906738 9.20394897460938 9.20394897460938 8.64773941040039 9.60456943511963 12.862512588501 16.5954971313477 16.6011943817139 12.2958183288574 12.2212238311768 11.7848587036133 11.7848587036133 1.71300661563873 2.94805669784546 3.082026720047 2.28045797348022 2.33360838890076 4.04322004318237 2.99761056900024 3.39315962791443 3.39315962791443 4.08328580856323 4.99074506759644 5.10361766815186 -9999 -9999 -9999 -9999 -9999 -9999 -9999 -9999 -9999 -9999 -9999 -9999
2.64837980270386 1.73127484321594 1.14644455909729 1.97019231319427 1.97019231319427 2.96856474876404 3.27391219139099 2.22822237014771 1.09093606472015 1.77563011646271 3.2150981426239 1.02863001823425 3.83294534683228 3.83294534683228 12.9097604751587 16.5899658203125 16.4979515075684 13.9567804336548 12.1684398651123 12.762336730957 12.9968996047974 9.86406803131104 9.86406803131104 2.02515697479248 2.69936466217041 2.41359257698059 4.07510328292847 3.47951006889343 4.35858821868896 3.92603373527527 4.52264356613159 4.52264356613159 5.38709592819214 4.88942956924438 4.50631093978882 -9999 -9999 -9999 -9999 -9999 -9999 -9999 -9999 -9999 -9999 -9999 -9999
2.41624212265015 3.28407740592957 2.89619374275208 3.32675433158875 3.32675433158875 3.16408848762512 2.20857071876526 1.61865782737732 1.54479920864105 1.32389748096466 2.40095353126526 0.393227428197861 3.91669368743896 3.91669368743896 17.3409328460693 15.9591646194458 11.5364942550659 16.8495750427246 16.8017711639404 15.5794038772583 4.02526950836182 1.58159911632538 1.58159911632538 1.80203485488892 1.7866907119751 2.13087558746338 4.11056089401245 4.60565567016602 4.78770875930786 2.89197206497192 1.38762235641479 1.38762235641479 -9999 -9999 -9999 -9999 -9999 -9999 -9999 -9999 -9999 -9999 -9999 -9999 -9999 -9999 -9999
2.31832146644592 1.568439245224 1.07503461837769 2.99739933013916 2.99739933013916 1.74144184589386 1.28756332397461 0.699047923088074 0.775645971298218 0.936368227005005 6.2487006187439 2.16980886459351 0.674868643283844 0.674868643283844 3.33579301834106 4.34281635284424 11.2421417236328 19.8995933532715 19.7425937652588 11.137921333313 2.68249011039734 2.4731559753418 2.4731559753418 2.1147313117981 2.33656048774719 1.96385252475739 2.89759063720703 4.01956129074097 5.21254253387451 2.57853150367737 1.19083440303802 1.19083440303802 -9999 -9999 -9999 -9999 -9999 -9999 -9999 -9999 -9999 -9999 -9999 -9999 -9999 -9999 -9999
1.44733381271362 1.25647795200348 1.01419615745544 1.58230698108673 1.58230698108673 1.15043365955353 1.43023288249969 1.04474866390228 1.17578709125519 0.897687792778015 2.01360678672791 2.54937171936035 0.495620459318161 0.495620459318161 2.70382881164551 2.19263672828674 12.9581956863403 20.9923210144043 18.2266750335693 5.62377595901489 3.2867066860199 3.13501811027527 3.13501811027527 4.2952356338501 2.66715931892395 1.65224015712738 2.49443459510803 4.33088493347168 4.75268363952637 2.78288197517395 1.0882271528244 1.0882271528244 -9999 -9999 -9999 -9999 -9999 -9999 -9999 -9999 -9999 -9999 -9999 -9999 -9999 -9999 -9999
