maps/GWL_avg_500.asc
NCOLS 495 
NROWS 205 
XLLCORNER 16750.0004 
YLLCORNER 147750.0002 
CELLSIZE 500 
NODATA_value -9999 
[rows 42 to 62 of 205, columns 235 to 281 of 495]
-9999 -9999 -9999 -9999 -9999 -9999 -9999 -9999 -9999 -9999 1.29194390773773 1.39700758457184 1.39700758457184 2.34343791007996 5.33455896377563 5.35749053955078 4.5696496963501 4.83573961257935 4.36790704727173 4.55348634719849 3.37821102142334 3.37821102142334 1.83935904502869 1.39554488658905 1.03598475456238 0.468865007162094 1.6168212890625 2.91383695602417 -9999 -9999 -9999 -9999 -9999 -9999 -9999 -9999 -9999 -9999 -9999 -9999 3.30610036849976 4.04454183578491 4.09402418136597 2.98808979988098 3.14368391036987 3.5368664264679 3.62887263298035
-9999 -9999 -9999 -9999 -9999 -9999 -9999 -9999 -9999 -9999 1.21745347976685 1.60507619380951 1.60507619380951 1.93179941177368 4.48166036605835 5.86346530914307 4.17112445831299 3.96103310585022 3.67369318008423 3.18722701072693 3.28111457824707 3.28111457824707 2.16480803489685 1.47550117969513 1.71323609352112 0.711974143981934 0.813670992851257 1.71465659141541 -9999 -9999 -9999 -9999 -9999 -9999 -9999 -9999 -9999 -9999 1.95549857616425 1.95549857616425 3.29990768432617 4.32764291763306 4.47187185287476 4.15281200408936 4.3018684387207 3.34997272491455 3.56840014457703
-9999 -9999 -9999 -9999 -9999 -9999 -9999 -9999 -9999 -9999 -9999 1.8989737033844 1.8989737033844 1.97181451320648 3.17318439483643 6.01095962524414 4.0435938835144 3.47849631309509 3.05349278450012 2.47951579093933 2.15526962280273 2.15526962280273 1.20528614521027 1.37456262111664 1.30230712890625 1.42362117767334 2.00235772132874 2.06124591827393 -9999 -9999 -9999 -9999 -9999 -9999 -9999 -9999 3.03691148757935 3.15813088417053 2.8612813949585 2.8612813949585 3.72207593917847 4.10857486724854 4.82995796203613 5.02795743942261 4.16256093978882 4.12344312667847 4.07733774185181
-9999 -9999 -9999 -9999 -9999 -9999 -9999 -9999 -9999 -9999 -9999 -9999 -9999 1.86784183979034 1.7176468372345 4.13515949249268 3.94113945960999 3.34606862068176 2.81784057617188 2.64639163017273 1.80375838279724 1.80375838279724 1.28423023223877 2.03850603103638 2.58776545524597 2.18820762634277 2.49505257606506 2.15954995155334 2.53523731231689 2.91954445838928 2.91954445838928 2.50360441207886 1.80124282836914 -9999 1.7839583158493 2.95547747612 3.4435133934021 3.24509620666504 3.65001153945923 3.65001153945923 3.50043892860413 4.08702659606934 4.50945997238159 4.99426555633545 4.68852758407593 4.40064191818237 3.94237446784973
-9999 -9999 -9999 -9999 -9999 -9999 -9999 -9999 -9999 -9999 -9999 -9999 -9999 1.05483460426331 1.30622124671936 3.1267454624176 4.28885078430176 3.48183751106262 3.25310873985291 2.41054344177246 2.12169933319092 2.12169933319092 1.1648975610733 1.28688263893127 1.48222851753235 1.9262478351593 1.39485192298889 1.40532398223877 1.34637463092804 1.52134621143341 1.52134621143341 1.47179067134857 1.26806557178497 0.815044224262238 1.25587618350983 2.56862211227417 2.84209632873535 2.68838429450989 3.17155075073242 3.17155075073242 3.74612474441528 3.99875521659851 3.80827045440674 4.02565956115723 4.46040058135986 4.03177452087402 4.38821220397949
-9999 -9999 -9999 -9999 -9999 -9999 -9999 -9999 -9999 -9999 -9999 -9999 -9999 0.844836950302124 1.07983493804932 2.22006511688232 3.20124268531799 2.04952645301819 2.03138995170593 1.81292462348938 1.77515256404877 1.77515256404877 1.17763912677765 0.807478964328766 1.01916003227234 1.27101385593414 1.24220180511475 0.870481371879578 0.939755201339722 0.547579765319824 0.547579765319824 0.451210379600525 0.612281858921051 0.52395361661911 1.24226152896881 1.99271273612976 1.6754812002182 1.49523782730103 2.0033323764801 2.0033323764801 3.61802816390991 3.76699590682983 3.35250878334045 3.4819347858429 4.14336585998535 3.98789572715759 3.80186223983765
-9999 -9999 -9999 -9999 -9999 -9999 -9999 -9999 -9999 -9999 -9999 1.40569996833801 1.40569996833801 2.12455320358276 0.85653555393219 0.918315708637238 1.92766880989075 1.51672911643982 2.10594344139099 2.34384799003601 2.35937118530273 2.35937118530273 1.36033165454865 0.690767347812653 0.928927838802338 0.756623029708862 0.778955638408661 0.664310693740845 0.96265983581543 0.535968005657196 0.535968005657196 0.391535520553589 0.395011812448502 0.56790566444397 0.984909772872925 1.58383452892303 1.25177729129791 1.32530236244202 1.51142907142639 1.51142907142639 3.26900196075439 3.76807045936584 3.54964399337769 3.50938940048218 3.74578499794006 3.00098037719727 3.23392462730408
-9999 -9999 -9999 -9999 -9999 -9999 -9999 -9999 -9999 -9999 -9999 1.40569996833801 1.40569996833801 2.12455320358276 0.85653555393219 0.918315708637238 1.92766880989075 1.51672911643982 2.10594344139099 2.34384799003601 2.35937118530273 2.35937118530273 1.36033165454865 0.690767347812653 0.928927838802338 0.756623029708862 0.778955638408661 0.664310693740845 0.96265983581543 0.535968005657196 0.535968005657196 0.391535520553589 0.395011812448502 0.56790566444397 0.984909772872925 1.58383452892303 1.25177729129791 1.32530236244202 1.51142907142639 1.51142907142639 3.26900196075439 3.76807045936584 3.54964399337769 3.50938940048218 3.74578499794006 3.00098037719727 3.23392462730408
-9999 -9999 -9999 -9999 -9999 -9999 -9999 -9999 -9999 -9999 1.29720377922058 1.28362131118774 1.28362131118774 1.23987519741058 1.35770082473755 2.31813931465149 1.09456610679626 1.14817237854004 3.37409114837646 4.97463130950928 3.95920014381409 3.95920014381409 1.22660517692566 1.8168773651123 0.891368389129639 1.32300364971161 1.64658880233765 1.61159241199493 0.813042759895325 0.866348505020142 0.866348505020142 0.918276250362396 0.789532244205475 0.716840505599976 1.11361312866211 1.02017438411713 1.08533215522766 1.04553747177124 1.12137138843536 1.12137138843536 1.79039740562439 1.96742069721222 2.3819899559021 2.19875764846802 2.70416927337646 3.00137257575989 2.88383555412292
-9999 -9999 -9999 -9999 -9999 -9999 -9999 -9999 -9999 1.17016339302063 1.14672136306763 1.48334896564484 1.48334896564484 0.519321799278259 0.578255772590637 2.63149380683899 3.20925903320312 0.837253272533417 0.982068836688995 3.3407678604126 3.96478366851807 3.96478366851807 1.69799029827118 2.50159120559692 2.17321610450745 2.35489225387573 2.37500739097595 3.06436085700989 2.17502784729004 1.14647579193115 1.14647579193115 1.2174129486084 0.877918601036072 0.810016870498657 0.834786415100098 0.881631910800934 1.16890442371368 1.16822779178619 1.13528943061829 1.13528943061829 1.77836358547211 1.72809052467346 2.05665969848633 1.7291305065155 1.81731843948364 1.59608554840088 1.7482203245163
-9999 -9999 -9999 -9999 -9999 -9999 -9999 -9999 1.08909237384796 0.995496809482574 1.05979633331299 1.3607017993927 1.3607017993927 0.833262860774994 0.807991325855255 3.18276524543762 4.9546422958374 0.969491004943848 0.929860711097717 2.70218348503113 3.68452572822571 3.68452572822571 1.42027580738068 1.60794186592102 1.88762938976288 1.89044320583344 2.20378112792969 2.4402334690094 3.01977229118347 1.67722046375275 1.67722046375275 1.32744455337524 0.966168880462646 1.02928614616394 0.96396267414093 0.842916488647461 0.833218991756439 1.06581211090088 0.959763824939728 0.959763824939728 1.46207737922668 1.55106556415558 1.45701611042023 1.48713183403015 1.13503003120422 1.67861378192902 1.6396758556366
-9999 -9999 -9999 -9999 -9999 -9999 -9999 1.10364472866058 1.02968347072601 0.839747071266174 1.1088148355484 1.54047834873199 1.54047834873199 0.864275753498077 0.874025762081146 2.25972747802734 3.78023886680603 0.824901401996613 0.663671135902405 2.354567527771 3.0109429359436 3.0109429359436 1.7339278459549 1.57072734832764 2.52293848991394 2.53633236885071 2.5357928276062 2.52011632919312 3.04023218154907 1.26421511173248 1.26421511173248 1.37152647972107 1.25880610942841 1.04422211647034 0.851450502872467 0.560976207256317 0.429782837629318 0.461062341928482 0.715368688106537 0.715368688106537 1.38927054405212 1.07411742210388 0.796109676361084 0.766770541667938 0.86556488275528 1.37442648410797 1.47296380996704
-9999 -9999 -9999 -9999 -9999 -9999 -9999 1.02770745754242 1.21450567245483 1.25695109367371 1.2950621843338 1.60236549377441 1.60236549377441 0.946958601474762 0.794694483280182 0.743121922016144 1.23688018321991 0.709409773349762 0.454547166824341 2.70046401023865 5.42456245422363 5.42456245422363 2.76704931259155 1.95702719688416 2.26843643188477 2.30214953422546 2.2975697517395 2.58691716194153 3.04232740402222 1.76178336143494 1.76178336143494 0.997084617614746 0.900289356708527 0.815346300601959 0.872511208057404 0.831031978130341 0.734574198722839 0.571848213672638 0.847023129463196 0.847023129463196 1.21550893783569 0.904039323329926 0.936454951763153 0.838364899158478 0.847880005836487 1.18275797367096 1.24672949314117
-9999 -9999 -9999 -9999 -9999 -9999 1.27885842323303 0.818394482135773 0.941897571086884 1.138552069664 1.02925825119019 1.25267577171326 1.25267577171326 1.02940583229065 0.858925640583038 0.874801874160767 1.23870599269867 1.07908642292023 0.53483921289444 2.38190698623657 5.49341249465942 5.49341249465942 3.24329423904419 2.84801506996155 1.7849725484848 2.20163130760193 2.7045271396637 4.47505664825439 6.74312114715576 2.3099377155304 2.3099377155304 0.597890019416809 0.641093313694 0.802034020423889 0.710658013820648 0.974545359611511 1.05507981777191 1.04315590858459 1.17626512050629 1.17626512050629 1.15755593776703 0.861904680728912 1.082404255867 0.970165967941284 1.00861275196075 1.1359623670578 1.27311944961548
-9999 -9999 -9999 -9999 -9999 1.29869997501373 1.27689599990845 1.09717810153961 0.986208498477936 1.05861210823059 1.03303360939026 0.951000392436981 0.951000392436981 0.939632713794708 0.824321508407593 0.790457189083099 2.6965868473053 2.06988954544067 0.417961776256561 1.46180737018585 3.41624140739441 3.41624140739441 3.53346705436707 2.48883318901062 1.08728468418121 1.50839376449585 2.189297914505 4.34674501419067 7.68018770217896 3.55546283721924 3.55546283721924 1.53558230400085 0.622084081172943 0.477739810943604 0.663701593875885 0.927280485630035 1.05020678043365 0.913875699043274 0.948215126991272 0.948215126991272 1.26425695419312 0.973379075527191 1.16910815238953 0.925492286682129 0.779765784740448 0.924165368080139 1.16319644451141
-9999 -9999 -9999 -9999 1.45669186115265 1.46438384056091 1.59893822669983 1.56568646430969 1.51033163070679 1.29071855545044 1.18838787078857 1.27860522270203 1.27860522270203 2.76994276046753 4.03402853012085 3.04090881347656 2.51114201545715 1.71048557758331 1.27102541923523 0.687849223613739 0.498833179473877 0.498833179473877 2.60256886482239 4.29609680175781 2.72642850875854 1.63565218448639 1.82387971878052 1.07849705219269 0.802090287208557 1.43567907810211 1.43567907810211 1.47414493560791 1.69110202789307 3.27343487739563 2.45408153533936 1.81646025180817 1.02536606788635 1.01712274551392 1.02338552474976 1.02338552474976 0.877003073692322 0.708268165588379 0.896779417991638 1.21284365653992 1.26639413833618 1.52649319171906 1.37994992733002
-9999 -9999 -9999 -9999 1.45669186115265 1.46438384056091 1.59893822669983 1.56568646430969 1.51033163070679 1.29071855545044 1.18838787078857 1.27860522270203 1.27860522270203 2.76994276046753 4.03402853012085 3.04090881347656 2.51114201545715 1.71048557758331 1.27102541923523 0.687849223613739 0.498833179473877 0.498833179473877 2.60256886482239 4.29609680175781 2.72642850875854 1.63565218448639 1.82387971878052 1.07849705219269 0.802090287208557 1.43567907810211 1.43567907810211 1.47414493560791 1.69110202789307 3.27343487739563 2.45408153533936 1.81646025180817 1.02536606788635 1.01712274551392 1.02338552474976 1.02338552474976 0.877003073692322 0.708268165588379 0.896779417991638 1.21284365653992 1.26639413833618 1.52649319171906 1.37994992733002
-9999 -9999 -9999 -9999 1.56561636924744 1.35912787914276 1.14927077293396 1.18283176422119 0.973619222640991 1.19225454330444 1.43908512592316 1.33426868915558 1.33426868915558 2.12637734413147 2.60715556144714 2.27590441703796 1.57790422439575 1.79457581043243 2.2689266204834 2.03704619407654 1.54967474937439 1.54967474937439 0.617638111114502 1.26680636405945 2.79955053329468 2.90010929107666 1.51261985301971 2.08050513267517 2.26107859611511 1.26240539550781 1.26240539550781 1.10780811309814 1.17832887172699 1.3720029592514 1.53503727912903 2.46715998649597 1.41523957252502 0.947759985923767 0.726488947868347 0.726488947868347 0.704935848712921 1.10721743106842 1.5698949098587 1.84877264499664 1.36653792858124 1.22828030586243 1.20427429676056
-9999 1.42299818992615 1.46445572376251 1.46445572376251 1.49496495723724 1.33548843860626 0.938636600971222 0.916626513004303 0.565609753131866 0.532078742980957 0.562008142471313 1.2615202665329 1.2615202665329 1.37515890598297 2.86975002288818 1.96155250072479 1.46267092227936 1.73030579090118 1.99790298938751 3.25943517684937 3.59399580955505 3.59399580955505 2.54987621307373 0.815837681293488 1.09703457355499 3.68478107452393 2.14085960388184 1.82382559776306 2.23922824859619 1.94283473491669 1.94283473491669 1.72342753410339 1.90091323852539 1.74177515506744 1.575723528862 1.62536919116974 1.61326110363007 1.66581606864929 0.82188469171524 0.82188469171524 1.31240844726562 1.58287167549133 1.40025019645691 1.23434960842133 0.91544097661972 1.04455649852753 1.01827478408813
1.15341055393219 1.44237196445465 1.724236369133 1.724236369133 0.702083468437195 1.04409945011139 1.101881980896 0.902661085128784 0.508936762809753 0.75965678691864 1.39955639839172 1.34893655776978 1.34893655776978 2.86501097679138 5.09779834747314 2.18302178382874 2.07837891578674 1.43121659755707 1.83102166652679 2.06315469741821 3.36803364753723 3.36803364753723 4.14167881011963 2.6429328918457 0.661862015724182 2.41639733314514 3.20286631584167 1.89781332015991 1.99309647083282 2.04179692268372 2.04179692268372 1.79202175140381 1.77903854846954 1.71989905834198 0.659326016902924 0.652719140052795 0.790435135364532 1.47757303714752 1.89520514011383 1.89520514011383 1.63248991966248 0.905140340328217 0.771853983402252 0.879116833209991 0.830093264579773 1.15922677516937 1.27320575714111
1.13401710987091 1.03755736351013 0.867033183574677 0.867033183574677 1.22240340709686 1.40785443782806 0.987437009811401 1.14107465744019 0.640844345092773 1.15154147148132 1.23989737033844 0.835850238800049 0.835850238800049 8.47625923156738 8.65399646759033 5.14310455322266 2.72635436058044 1.19837415218353 1.68132400512695 1.77418565750122 4.27715539932251 4.27715539932251 2.62938594818115 2.25802612304688 1.08554446697235 1.77353072166443 3.56525802612305 2.83228206634521 2.20827031135559 2.21191239356995 2.21191239356995 1.51656138896942 1.13047504425049 1.28856515884399 0.917999923229218 1.00992810726166 0.988732099533081 1.21113574504852 1.78167772293091 1.78167772293091 1.11804175376892 0.892566025257111 0.706305921077728 0.832098484039307 1.129319190979 1.19217813014984 1.24903726577759
