maps/GWL_avg_500.asc
NCOLS 495 
NROWS 205 
XLLCORNER 16750.0004 
YLLCORNER 147750.0002 
CELLSIZE 500 
NODATA_value -9999 
[rows 84 to 104 of 205, columns 423 to 469 of 495]
2.35414004325867 2.16779971122742 2.56719136238098 4.21721887588501 4.21721887588501 2.07864618301392 2.19746279716492 2.84894704818726 2.65442514419556 1.92654347419739 1.76412904262543 2.02119898796082 2.32926058769226 2.32926058769226 1.91543710231781 1.44480681419373 1.16351282596588 1.44346952438354 1.50674772262573 1.95175993442535 1.83261942863464 1.45340490341187 1.45340490341187 1.05423033237457 0.969890415668488 0.847233653068542 0.738532662391663 1.3989189863205 1.45328223705292 1.07187461853027 2.04126358032227 2.04126358032227 2.32985591888428 3.26802039146423 4.01964807510376 3.27809429168701 2.22987341880798 1.98515999317169 2.28105235099792 2.59779381752014 2.59779381752014 -9999 -9999 -9999 -9999 -9999 0.963919937610626
2.35414004325867 2.16779971122742 2.56719136238098 4.21721887588501 4.21721887588501 2.07864618301392 2.19746279716492 2.84894704818726 2.65442514419556 1.92654347419739 1.76412904262543 2.02119898796082 2.32926058769226 2.32926058769226 1.91543710231781 1.44480681419373 1.16351282596588 1.44346952438354 1.50674772262573 1.95175993442535 1.83261942863464 1.45340490341187 1.45340490341187 1.05423033237457 0.969890415668488 0.847233653068542 0.738532662391663 1.3989189863205 1.45328223705292 1.07187461853027 2.04126358032227 2.04126358032227 2.32985591888428 3.26802039146423 4.01964807510376 3.27809429168701 2.22987341880798 1.98515999317169 2.28105235099792 2.59779381752014 2.59779381752014 -9999 -9999 -9999 -9999 -9999 0.963919937610626
2.35763335227966 2.27113676071167 2.80867385864258 4.12497568130493 4.12497568130493 3.05146980285645 2.93321776390076 2.54329419136047 2.29694747924805 2.50711417198181 2.50356221199036 2.09349226951599 1.85203158855438 1.85203158855438 1.54072880744934 1.42890965938568 2.01172590255737 1.87490296363831 1.62658977508545 2.26577258110046 1.68024909496307 1.28649640083313 1.28649640083313 1.05179119110107 1.10736751556396 0.978235185146332 1.01472175121307 1.30032289028168 1.67401850223541 1.02720713615417 1.46846425533295 1.46846425533295 2.54414868354797 3.02642035484314 3.02772569656372 1.67555105686188 1.15039455890656 1.57335662841797 2.50829076766968 3.80930733680725 3.80930733680725 -9999 -9999 -9999 -9999 -9999 0.714911341667175
1.86951768398285 2.1668701171875 3.00171327590942 4.37810945510864 4.37810945510864 3.95993590354919 3.03746461868286 2.22066831588745 2.12370347976685 2.1606879234314 1.60226464271545 1.31414830684662 1.51127350330353 1.51127350330353 1.89672935009003 2.31148624420166 2.24188303947449 2.0625901222229 1.81787097454071 1.88661885261536 1.73539853096008 1.4798858165741 1.4798858165741 1.37335395812988 1.2413684129715 1.05046021938324 0.903635501861572 0.903091609477997 1.02863919734955 0.97723799943924 0.940512895584106 0.940512895584106 1.57170712947845 1.28770267963409 0.838737308979034 1.12168288230896 1.17120504379272 2.41331052780151 3.34574270248413 4.5913610458374 4.5913610458374 -9999 -9999 3.07081937789917 4.01752376556396 4.61104965209961 1.09161734580994
2.10350561141968 2.1545512676239 3.68562126159668 4.72024393081665 4.72024393081665 4.24744462966919 2.91347742080688 2.65541458129883 3.49450206756592 3.83246994018555 1.97837615013123 1.20825600624084 0.960249364376068 0.960249364376068 3.14803099632263 3.55309438705444 2.95411896705627 2.26863408088684 1.71092629432678 1.42569053173065 1.32581651210785 1.32413065433502 1.32413065433502 1.52829599380493 1.63384449481964 1.2275013923645 0.888051629066467 0.935577869415283 0.904639899730682 0.829186201095581 0.899499118328094 0.899499118328094 0.881509602069855 1.11510348320007 1.35390996932983 1.77044951915741 1.74046385288239 2.30688500404358 3.15477299690247 4.07599878311157 4.07599878311157 2.84385013580322 4.16817903518677 4.2096061706543 5.01517391204834 7.27278232574463 4.74750185012817
3.03713941574097 2.7626690864563 4.2845983505249 4.65814304351807 4.65814304351807 3.40743017196655 3.74095273017883 4.56281089782715 2.69760608673096 1.86235857009888 1.89685082435608 1.48427593708038 1.9799976348877 1.9799976348877 3.05971002578735 2.78592443466187 1.91891431808472 1.4064689874649 1.46838200092316 1.70556318759918 1.52876830101013 1.95972681045532 1.95972681045532 1.66215014457703 1.67018330097198 1.53470766544342 1.28494167327881 1.28649187088013 1.42206943035126 0.861984193325043 0.927924275398254 0.927924275398254 1.9992356300354 1.91436493396759 2.37726020812988 3.40333104133606 2.82141304016113 2.82119035720825 2.83393931388855 3.17747282981873 3.17747282981873 4.15371751785278 4.63678169250488 4.78038167953491 5.77406120300293 6.7038893699646 5.1088547706604
2.55246162414551 2.75165462493896 3.69432187080383 3.92663359642029 3.92663359642029 4.04135179519653 3.59536004066467 1.60761559009552 0.753398299217224 1.1593964099884 2.66946029663086 3.07921624183655 2.56667351722717 2.56667351722717 3.23735404014587 3.14330506324768 2.3228280544281 2.14681839942932 2.10109305381775 2.26867032051086 2.56628012657166 2.43631839752197 2.43631839752197 2.12802505493164 2.05750060081482 2.0501344203949 2.12826681137085 2.18496417999268 2.20719432830811 2.26335835456848 2.06174564361572 2.06174564361572 2.65542221069336 3.09000563621521 3.08139061927795 3.8254714012146 3.06190299987793 3.04266762733459 2.75726175308228 3.52122569084167 3.52122569084167 4.25940704345703 4.73159217834473 6.03875970840454 6.34841442108154 5.85021114349365 2.1910195350647
1.37190186977386 3.3702130317688 4.12590360641479 5.08295249938965 5.08295249938965 3.61903476715088 3.15290832519531 2.40933036804199 1.77044653892517 2.21494555473328 2.86701846122742 2.14391493797302 1.96915578842163 1.96915578842163 4.043776512146 3.08882308006287 2.07757830619812 2.39298796653748 2.36798071861267 2.25478386878967 2.31668519973755 2.94032955169678 2.94032955169678 2.43626022338867 2.23574328422546 2.96575403213501 3.42859363555908 3.07641100883484 2.18619132041931 3.15668749809265 3.12885069847107 3.12885069847107 2.34739398956299 2.67335152626038 2.39772963523865 3.30979609489441 2.33937287330627 2.47965669631958 3.3968710899353 3.5326292514801 3.5326292514801 3.66994714736938 4.46870374679565 5.93191003799438 6.3448634147644 6.64891195297241 2.39208698272705
1.82335031032562 4.37941837310791 3.71142768859863 4.82640886306763 4.82640886306763 2.98912334442139 5.42318630218506 4.40266895294189 3.21632599830627 2.80882024765015 3.73614311218262 1.99681401252747 2.69575691223145 2.69575691223145 3.71610856056213 2.75732374191284 2.36531448364258 1.79792737960815 2.09475517272949 2.36443972587585 2.50766563415527 2.42411804199219 2.42411804199219 2.67578935623169 3.11149215698242 3.79741358757019 3.62022852897644 2.82857608795166 2.00374221801758 1.94481313228607 1.89752614498138 1.89752614498138 1.91887879371643 2.16222071647644 2.39566016197205 3.04381585121155 2.17516350746155 2.97492337226868 3.35939407348633 3.8706693649292 3.8706693649292 3.54960680007935 3.47114872932434 4.8959789276123 7.23578119277954 6.05307054519653 2.27158999443054
2.69038081169128 4.14693689346313 3.82299494743347 2.94221329689026 2.94221329689026 4.06054306030273 4.93862819671631 4.68317079544067 4.36674833297729 3.31139349937439 3.09737420082092 4.87859058380127 4.47620153427124 4.47620153427124 3.32223415374756 4.04849147796631 1.78161787986755 1.73347318172455 3.30146932601929 3.15090703964233 2.66243290901184 3.40170621871948 3.40170621871948 4.54665327072144 3.57104229927063 2.9956169128418 2.50360155105591 2.2742223739624 2.02168416976929 1.82289683818817 1.84648215770721 1.84648215770721 1.80981183052063 1.68805980682373 2.50876092910767 1.94971930980682 1.52361154556274 2.68572163581848 4.48182916641235 2.83471250534058 2.83471250534058 3.12656354904175 4.06021118164062 3.74643874168396 4.60835933685303 3.61510467529297 0.987795412540436
2.69038081169128 4.14693689346313 3.82299494743347 2.94221329689026 2.94221329689026 4.06054306030273 4.93862819671631 4.68317079544067 4.36674833297729 3.31139349937439 3.09737420082092 4.87859058380127 4.47620153427124 4.47620153427124 3.32223415374756 4.04849147796631 1.78161787986755 1.73347318172455 3.30146932601929 3.15090703964233 2.66243290901184 3.40170621871948 3.40170621871948 4.54665327072144 3.57104229927063 2.9956169128418 2.50360155105591 2.2742223739624 2.02168416976929 1.82289683818817 1.84648215770721 1.84648215770721 1.80981183052063 1.68805980682373 2.50876092910767 1.94971930980682 1.52361154556274 2.68572163581848 4.48182916641235 2.83471250534058 2.83471250534058 3.12656354904175 4.06021118164062 3.74643874168396 4.60835933685303 3.61510467529297 0.987795412540436
2.51586842536926 3.6127769947052 3.58676028251648 2.80459141731262 2.80459141731262 3.43288135528564 3.54399466514587 3.92318248748779 2.48464250564575 3.12553668022156 5.01619720458984 4.96096420288086 4.36527585983276 4.36527585983276 3.61857581138611 2.50045871734619 4.03860950469971 5.94408845901489 7.4691333770752 5.91645526885986 3.67836785316467 3.44106483459473 3.44106483459473 2.74730563163757 2.08186388015747 2.36256790161133 2.14421224594116 1.5450804233551 1.15060341358185 1.0244562625885 1.03631746768951 1.03631746768951 1.29844105243683 1.80570590496063 2.03075647354126 1.69878160953522 1.57735991477966 3.68777108192444 4.03576898574829 2.97811985015869 2.97811985015869 4.16324329376221 5.00029182434082 5.99801063537598 7.24879264831543 5.28982973098755 3.17584848403931
3.53572559356689 4.80330038070679 3.03304314613342 1.40666258335114 1.40666258335114 2.21276617050171 3.02690434455872 2.59903812408447 1.65152263641357 2.79025959968567 5.21431493759155 5.53263187408447 5.54343843460083 5.54343843460083 4.44385528564453 4.05957937240601 5.57840251922607 8.19084072113037 12.0813093185425 11.6636209487915 5.36686420440674 3.51727080345154 3.51727080345154 1.63160264492035 2.036940574646 2.84962725639343 2.51841282844543 1.60483872890472 1.14439034461975 1.15887403488159 1.12893950939178 1.12893950939178 1.6653538942337 2.33362102508545 1.81139862537384 1.39167761802673 1.96170711517334 4.14002370834351 3.37723588943481 3.68636679649353 3.68636679649353 4.42448425292969 6.09676456451416 7.99376249313354 9.15088272094727 6.70218944549561 -9999
3.40558004379272 2.54000329971313 1.02056109905243 3.29110479354858 3.29110479354858 3.74706339836121 2.84707045555115 2.23725724220276 1.45227253437042 3.67905211448669 6.50867605209351 6.96365928649902 6.56153774261475 6.56153774261475 5.53575992584229 5.86126613616943 5.99332666397095 6.68932199478149 10.7505512237549 13.0212841033936 8.56252956390381 2.0943284034729 2.0943284034729 3.53726863861084 3.66181826591492 2.68506383895874 2.27265739440918 2.02316951751709 1.72449731826782 1.44899189472198 1.29076969623566 1.29076969623566 1.70726883411407 2.63861608505249 1.70127272605896 1.52551448345184 1.86257481575012 2.66691565513611 3.0993504524231 3.54237985610962 3.54237985610962 4.92106056213379 6.47683620452881 8.74481201171875 8.10709285736084 6.9595775604248 -9999
1.47679209709167 2.71540260314941 1.35050201416016 2.83642721176147 2.83642721176147 4.99501323699951 3.52592349052429 2.60932588577271 2.61804533004761 4.05673360824585 5.91091060638428 5.84825372695923 5.22284507751465 5.22284507751465 3.46764492988586 2.97917437553406 3.11133933067322 4.07716941833496 5.74443483352661 4.00260877609253 3.74603891372681 5.85540437698364 5.85540437698364 4.93989610671997 4.15605974197388 4.89334106445312 3.53801822662354 2.54591655731201 1.95814538002014 1.94122648239136 2.13743615150452 2.13743615150452 2.2148323059082 2.51810908317566 1.50889980792999 1.60276424884796 2.21210360527039 2.58127045631409 3.62268447875977 3.83982682228088 3.83982682228088 4.94282197952271 5.48823881149292 5.45217895507812 5.50794649124146 4.91065168380737 -9999
2.93654012680054 3.5899441242218 1.63579618930817 0.819365680217743 0.819365680217743 5.81250810623169 5.45913362503052 4.28438282012939 4.51601505279541 5.0941424369812 3.91032934188843 2.87581872940063 2.47286009788513 2.47286009788513 2.325199842453 4.21786069869995 4.07331037521362 9.02299976348877 8.86970901489258 5.1053318977356 10.4355449676514 14.4877157211304 14.4877157211304 8.37932014465332 6.56576871871948 8.51998329162598 8.5362377166748 6.3403582572937 3.56553602218628 4.0745587348938 3.64880061149597 3.64880061149597 2.01139497756958 2.35069870948792 2.14845561981201 1.67127048969269 2.75196218490601 3.39600801467896 3.76225662231445 3.79781198501587 3.79781198501587 4.5579948425293 3.08644843101501 3.01098656654358 3.90126466751099 2.65970611572266 2.45568299293518
3.86425447463989 2.48250603675842 1.70092117786407 1.16726899147034 1.16726899147034 5.31645202636719 5.12878561019897 5.12030839920044 4.63264751434326 5.13636112213135 2.60047364234924 1.92872083187103 2.58456873893738 2.58456873893738 4.68651533126831 5.93810129165649 6.72442197799683 8.65448760986328 6.13501930236816 8.59158039093018 10.8970146179199 13.3382892608643 13.3382892608643 15.1825094223022 11.1107978820801 12.7366504669189 12.7022218704224 10.0697269439697 7.52884149551392 4.79767084121704 2.89027500152588 2.89027500152588 1.655677318573 1.9825291633606 2.05326175689697 1.98012971878052 3.06305527687073 4.40790224075317 4.42154121398926 3.95832753181458 3.95832753181458 4.58039140701294 3.42951798439026 4.21020936965942 4.51573514938354 3.25674796104431 2.08295130729675
3.24653220176697 1.72540283203125 3.17124629020691 1.27195978164673 1.27195978164673 4.64414119720459 5.53669214248657 4.36300897598267 3.74689841270447 4.02908086776733 2.1377112865448 3.04102039337158 4.17248439788818 4.17248439788818 5.32745122909546 6.63556003570557 6.1586389541626 5.86699533462524 5.38755655288696 12.1465167999268 13.7756757736206 15.222674369812 15.222674369812 17.3288230895996 14.6092672348022 14.0139408111572 15.0122852325439 12.2571258544922 6.98266124725342 4.21644592285156 2.74505639076233 2.74505639076233 1.9535938501358 2.20169019699097 1.97894883155823 1.69098019599915 2.11510157585144 3.41223669052124 4.1644229888916 4.13842248916626 4.13842248916626 3.84383916854858 3.57606625556946 4.01023864746094 3.68069338798523 1.76134443283081 1.42971754074097
3.24653220176697 1.72540283203125 3.17124629020691 1.27195978164673 1.27195978164673 4.64414119720459 5.53669214248657 4.36300897598267 3.74689841270447 4.02908086776733 2.1377112865448 3.04102039337158 4.17248439788818 4.17248439788818 5.32745122909546 6.63556003570557 6.1586389541626 5.86699533462524 5.38755655288696 12.1465167999268 13.7756757736206 15.222674369812 15.222674369812 17.3288230895996 14.6092672348022 14.0139408111572 15.0122852325439 12.2571258544922 6.98266124725342 4.21644592285156 2.74505639076233 2.74505639076233 1.9535938501358 2.20169019699097 1.97894883155823 1.69098019599915 2.11510157585144 3.41223669052124 4.1644229888916 4.13842248916626 4.13842248916626 3.84383916854858 3.57606625556946 4.01023864746094 3.68069338798523 1.76134443283081 1.42971754074097
3.39273166656494 2.69173264503479 3.91578221321106 2.10176730155945 2.10176730155945 4.71306276321411 6.47561168670654 5.04007577896118 3.02800035476685 3.69911360740662 4.75640821456909 6.15222311019897 6.75300312042236 6.75300312042236 3.71620082855225 5.83449459075928 9.60479164123535 9.50153350830078 9.48380661010742 15.586181640625 18.7928771972656 20.3342838287354 20.3342838287354 19.2230358123779 16.2157516479492 14.5982580184937 9.15485382080078 5.11253643035889 3.67541718482971 2.84177899360657 2.13676357269287 2.13676357269287 2.60505867004395 2.28579497337341 1.30802309513092 1.07862424850464 1.71154189109802 3.28169965744019 4.9298357963562 3.64955520629883 3.64955520629883 4.19059181213379 5.61888885498047 5.34339332580566 -9999 -9999 -9999
2.83806681632996 3.01232695579529 3.5115704536438 2.02741193771362 2.02741193771362 4.97952222824097 5.15271902084351 5.03017139434814 3.94623923301697 5.38140249252319 6.88869476318359 6.21623611450195 4.3426685333252 4.3426685333252 5.31689405441284 8.09848785400391 10.6887140274048 14.1199083328247 16.4865436553955 21.0795631408691 21.7527160644531 22.1808090209961 22.1808090209961 15.1866226196289 11.6560897827148 8.93700218200684 7.17262840270996 5.41396045684814 2.61677026748657 2.0965404510498 2.1685938835144 2.1685938835144 2.47989273071289 1.87515044212341 1.5152336359024 1.37797713279724 1.44158673286438 2.77724647521973 3.48865747451782 3.53438878059387 3.53438878059387 3.2438051700592 4.28554534912109 4.15789604187012 5.10096263885498 -9999 -9999
