maps/GWL_avg_500.asc
NCOLS 495 
NROWS 205 
XLLCORNER 16750.0004 
YLLCORNER 147750.0002 
CELLSIZE 500 
NODATA_value -9999 
[rows 63 to 83 of 205, columns 282 to 328 of 495]
0.91551262140274 0.91551262140274 1.55585849285126 1.81948482990265 1.74939382076263 1.70142674446106 1.45416271686554 0.852533578872681 0.682308852672577 0.443697810173035 0.443697810173035 0.619021475315094 0.924080371856689 0.700804352760315 0.621345400810242 0.784652650356293 0.942223131656647 0.819434523582458 1.18257224559784 1.18257224559784 1.64277648925781 1.7197904586792 1.97291386127472 1.86047863960266 1.5562127828598 1.96999144554138 1.37765121459961 1.10472631454468 1.10472631454468 1.34627902507782 1.68473255634308 1.55231988430023 1.89997124671936 2.15818953514099 1.21113693714142 1.44215202331543 1.57617914676666 1.57617914676666 2.57859420776367 2.66868853569031 2.05111145973206 1.00092625617981 1.81827223300934 2.52153491973877 2.03429484367371 1.80079436302185 1.80079436302185
0.848343372344971 0.848343372344971 1.44861090183258 1.43526017665863 1.38113069534302 1.59292542934418 1.5943603515625 1.34132945537567 1.15007877349854 0.631151139736176 0.631151139736176 0.891297876834869 0.997727513313293 0.682347297668457 0.774361252784729 0.733228504657745 0.99480003118515 1.0072386264801 1.09464240074158 1.09464240074158 1.43350577354431 1.60250782966614 2.02265357971191 1.76211166381836 1.6386376619339 1.54447090625763 1.02682662010193 1.19930386543274 1.19930386543274 1.36247253417969 1.64618098735809 1.61232483386993 1.96483218669891 1.64972019195557 0.846468031406403 0.821743309497833 0.932748079299927 0.932748079299927 2.72106647491455 3.18361401557922 2.92895603179932 1.44835591316223 2.35860729217529 2.66172337532043 2.26313877105713 1.44050586223602 1.44050586223602
1.44233441352844 1.44233441352844 1.43139600753784 1.57519745826721 1.51727163791656 1.66898846626282 1.936199426651 1.61448097229004 1.56739354133606 1.01027405261993 1.01027405261993 1.42925333976746 1.19885087013245 0.599163293838501 0.61616450548172 0.844068288803101 0.984049737453461 1.18166041374207 1.12522387504578 1.12522387504578 1.22156131267548 1.64677405357361 1.85470998287201 1.58212232589722 1.56638240814209 1.41982316970825 1.50353467464447 1.29850840568542 1.29850840568542 1.23342895507812 1.54334986209869 1.57322609424591 1.71278941631317 1.17978000640869 0.591609358787537 0.538902223110199 0.800784707069397 0.800784707069397 3.14451837539673 3.52138209342957 2.70754098892212 1.43937432765961 2.74244785308838 2.97959613800049 2.63638949394226 1.08984196186066 1.08984196186066
1.3848614692688 1.3848614692688 1.95479226112366 2.03436613082886 2.02252697944641 2.02575469017029 1.88829076290131 1.11955988407135 0.803254723548889 1.27608513832092 1.27608513832092 2.25201487541199 1.05320680141449 1.03174912929535 0.873893439769745 0.865821182727814 1.04524910449982 1.26696872711182 1.22937071323395 1.22937071323395 1.31662118434906 1.28724217414856 1.45602571964264 1.4220724105835 1.13822162151337 0.929906129837036 1.01963675022125 1.17981374263763 1.17981374263763 1.03855454921722 1.11274361610413 1.60346436500549 1.5285210609436 1.97304010391235 1.58285117149353 1.08446359634399 1.54296863079071 1.54296863079071 2.04619407653809 2.26710343360901 0.959536015987396 1.37065744400024 1.83593952655792 2.51065707206726 2.31976127624512 1.26912295818329 1.26912295818329
1.3848614692688 1.3848614692688 1.95479226112366 2.03436613082886 2.02252697944641 2.02575469017029 1.88829076290131 1.11955988407135 0.803254723548889 1.27608513832092 1.27608513832092 2.25201487541199 1.05320680141449 1.03174912929535 0.873893439769745 0.865821182727814 1.04524910449982 1.26696872711182 1.22937071323395 1.22937071323395 1.31662118434906 1.28724217414856 1.45602571964264 1.4220724105835 1.13822162151337 0.929906129837036 1.01963675022125 1.17981374263763 1.17981374263763 1.03855454921722 1.11274361610413 1.60346436500549 1.5285210609436 1.97304010391235 1.58285117149353 1.08446359634399 1.54296863079071 1.54296863079071 2.04619407653809 2.26710343360901 0.959536015987396 1.37065744400024 1.83593952655792 2.51065707206726 2.31976127624512 1.26912295818329 1.26912295818329
1.33890175819397 1.33890175819397 2.08610773086548 1.89388704299927 1.84721088409424 2.44246101379395 1.86263692378998 1.11836528778076 0.931751012802124 1.4945752620697 1.4945752620697 2.37853312492371 1.30341565608978 0.796500027179718 0.755427837371826 0.911584317684174 1.23588311672211 1.35335850715637 1.27662372589111 1.27662372589111 1.0557644367218 1.2054055929184 1.3431156873703 0.829920291900635 0.777418315410614 0.662186920642853 0.918216228485107 0.528604626655579 0.528604626655579 0.863865852355957 0.817105770111084 1.32116758823395 1.12696075439453 1.58557891845703 1.42633652687073 1.0538125038147 1.55625867843628 1.55625867843628 1.50121116638184 1.21354842185974 0.76055783033371 1.68229365348816 1.96294987201691 2.2612144947052 1.69964945316315 0.849648237228394 0.849648237228394
1.65093672275543 1.65093672275543 2.56167125701904 1.85899543762207 2.11209154129028 2.90496230125427 1.99093854427338 0.823771238327026 1.23088896274567 1.60290002822876 1.60290002822876 1.84857940673828 1.61080467700958 1.2153787612915 1.15436089038849 1.43902611732483 1.89455652236938 1.36366534233093 1.17460370063782 1.17460370063782 1.29323434829712 0.89549720287323 1.00754189491272 1.18752658367157 1.14162826538086 1.09733915328979 0.956337988376617 0.695454955101013 0.695454955101013 0.671015024185181 0.908123135566711 0.937070250511169 0.750148117542267 1.03515338897705 0.939883589744568 1.17635178565979 1.31937110424042 1.31937110424042 0.973354160785675 0.84175181388855 1.46120357513428 2.14037466049194 1.64261662960052 1.28639400005341 0.781410098075867 0.812824130058289 0.812824130058289
1.13233661651611 1.13233661651611 1.94465756416321 1.81108558177948 2.0828800201416 2.57926321029663 1.56319761276245 0.781591176986694 1.27417755126953 1.36521029472351 1.36521029472351 1.57329428195953 1.42362236976624 1.82248938083649 1.58466386795044 1.84447634220123 1.56470930576324 0.957540333271027 1.45630514621735 1.45630514621735 1.35513961315155 1.61939370632172 1.99435102939606 1.93800616264343 1.7110687494278 1.82816803455353 1.32695043087006 1.23068416118622 1.23068416118622 0.932943642139435 1.44826149940491 1.3432514667511 0.956608057022095 1.42085325717926 1.29679107666016 1.47191786766052 1.3188990354538 1.3188990354538 1.21951413154602 1.50863766670227 1.93852376937866 1.59789645671844 1.47302615642548 0.810679852962494 0.618844628334045 1.83868193626404 1.83868193626404
1.8279116153717 1.8279116153717 1.54881322383881 1.81251382827759 1.53096008300781 0.960991382598877 0.695379972457886 0.769144713878632 0.88592267036438 1.08816337585449 1.08816337585449 1.38666594028473 1.92104148864746 2.27504563331604 2.09967160224915 1.68093526363373 1.05792832374573 1.32091653347015 2.08985233306885 2.08985233306885 1.46724796295166 1.97015905380249 2.2279953956604 2.2526330947876 1.82192587852478 1.60510587692261 1.90939748287201 2.1218729019165 2.1218729019165 1.41894221305847 1.55727648735046 1.19684958457947 1.26854825019836 1.36401557922363 1.4027510881424 0.93592494726181 0.622730791568756 0.622730791568756 1.49774861335754 1.99611151218414 1.55682730674744 1.19287216663361 1.18201553821564 0.607716381549835 0.59490954875946 2.08864259719849 2.08864259719849
1.68048667907715 1.68048667907715 1.67924892902374 1.44596004486084 1.02438676357269 1.00129091739655 1.53892517089844 1.43073284626007 0.966987669467926 0.683605372905731 0.683605372905731 1.86466205120087 2.8395733833313 3.47065472602844 3.02042675018311 1.26896166801453 1.05436277389526 1.96201634407043 1.61507678031921 1.61507678031921 1.71275401115417 2.03639984130859 2.26252126693726 2.49511742591858 1.5085175037384 1.61359941959381 1.82307553291321 1.86947238445282 1.86947238445282 1.63114011287689 1.21150982379913 1.30599546432495 1.23294019699097 1.36920630931854 1.37348353862762 0.525405287742615 0.436077326536179 0.436077326536179 1.58692288398743 2.2860414981842 2.12418150901794 1.23464751243591 1.1849125623703 0.77404397726059 0.899925470352173 2.02179384231567 2.02179384231567
2.19310212135315 2.19310212135315 2.29458141326904 2.45887136459351 2.60714840888977 2.4809148311615 1.88720417022705 1.34527993202209 0.8575679063797 1.51709508895874 1.51709508895874 2.29550004005432 2.63534569740295 3.72571182250977 2.30957651138306 1.16289293766022 1.72084701061249 2.12377691268921 1.28919565677643 1.28919565677643 2.13544845581055 1.95455515384674 2.64339709281921 1.82703101634979 0.652930498123169 1.2755378484726 1.51273059844971 1.79779028892517 1.79779028892517 1.23308420181274 1.34127247333527 1.48312890529633 1.96155977249146 1.91168415546417 1.14365446567535 0.423492759466171 0.784412443637848 0.784412443637848 1.75694024562836 2.10301542282104 1.66151976585388 1.6179176568985 1.64362859725952 1.34681332111359 1.40650057792664 2.50834250450134 2.50834250450134
1.95386970043182 1.95386970043182 2.3395357131958 2.63346886634827 3.25496673583984 2.91247129440308 1.58953905105591 2.00133442878723 2.22527003288269 2.49757671356201 2.49757671356201 2.35465288162231 2.27633190155029 2.26081109046936 0.892592787742615 1.06289196014404 1.20750415325165 0.7482088804245 1.05717265605927 1.05717265605927 1.58763194084167 1.76374793052673 1.68970906734467 0.762115299701691 1.05307126045227 1.31012856960297 1.59696364402771 1.51859652996063 1.51859652996063 1.47043132781982 1.83117806911469 1.68687760829926 1.80716133117676 1.5862318277359 0.77649313211441 1.06616473197937 1.91607785224915 1.91607785224915 1.90648138523102 2.12686824798584 2.1671986579895 1.94237172603607 1.24653553962708 1.51643943786621 2.3818302154541 2.78512811660767 2.78512811660767
2.37471008300781 2.37471008300781 1.56492292881012 0.538956046104431 0.511726677417755 0.908537626266479 0.821161866188049 0.779324233531952 1.42924523353577 0.99733304977417 0.99733304977417 1.76920747756958 1.54857194423676 1.51047074794769 1.97956800460815 2.05684852600098 1.72917401790619 1.46368503570557 1.72586727142334 1.72586727142334 1.17431008815765 1.04753851890564 0.707056105136871 2.02511858940125 3.73237490653992 2.45830082893372 1.93346154689789 1.14067792892456 1.14067792892456 1.55763745307922 1.69044876098633 0.715519309043884 0.481191426515579 1.24715089797974 2.40873193740845 1.7828094959259 2.28694605827332 2.28694605827332 3.43330550193787 3.12676072120667 2.8941388130188 2.91718554496765 1.73026537895203 1.71366763114929 2.35664987564087 1.97711598873138 1.97711598873138
2.37471008300781 2.37471008300781 1.56492292881012 0.538956046104431 0.511726677417755 0.908537626266479 0.821161866188049 0.779324233531952 1.42924523353577 0.99733304977417 0.99733304977417 1.76920747756958 1.54857194423676 1.51047074794769 1.97956800460815 2.05684852600098 1.72917401790619 1.46368503570557 1.72586727142334 1.72586727142334 1.17431008815765 1.04753851890564 0.707056105136871 2.02511858940125 3.73237490653992 2.45830082893372 1.93346154689789 1.14067792892456 1.14067792892456 1.55763745307922 1.69044876098633 0.715519309043884 0.481191426515579 1.24715089797974 2.40873193740845 1.7828094959259 2.28694605827332 2.28694605827332 3.43330550193787 3.12676072120667 2.8941388130188 2.91718554496765 1.73026537895203 1.71366763114929 2.35664987564087 1.97711598873138 1.97711598873138
1.28535234928131 1.28535234928131 1.6602463722229 0.908795237541199 1.14111518859863 1.52503859996796 1.60550653934479 1.14333081245422 1.89957857131958 1.15915167331696 1.15915167331696 2.06336331367493 1.5202876329422 2.25187635421753 2.18045616149902 2.65229749679565 2.33604192733765 1.79029822349548 2.2008581161499 2.2008581161499 3.22832441329956 1.27643203735352 2.24242568016052 3.69450068473816 3.85496091842651 2.31517267227173 1.11946880817413 0.781586408615112 0.781586408615112 1.5163848400116 1.11986410617828 0.903517723083496 2.36478471755981 2.51542854309082 2.34265208244324 1.79843890666962 2.95311164855957 2.95311164855957 4.11901473999023 4.267653465271 3.77961301803589 3.50558733940125 1.86367917060852 1.48433113098145 1.83796262741089 1.52930390834808 1.52930390834808
1.17705976963043 1.17705976963043 2.05944848060608 1.37176871299744 1.30935776233673 1.35615622997284 1.56975901126862 1.34839618206024 1.50092804431915 2.00567507743835 2.00567507743835 1.73540508747101 1.6126537322998 2.08672571182251 2.35146450996399 2.03744316101074 2.25949954986572 1.78957283496857 2.19205474853516 2.19205474853516 1.23684942722321 1.85480880737305 4.03232765197754 3.42162489891052 3.32425665855408 2.3721239566803 1.17874097824097 0.902955770492554 0.902955770492554 1.01596784591675 0.790692448616028 1.86681723594666 3.08082342147827 2.886394739151 2.18236494064331 3.29279732704163 4.50949048995972 4.50949048995972 5.91869163513184 6.69972658157349 5.35929441452026 4.52561569213867 3.36012649536133 1.87516474723816 1.27442061901093 1.34910798072815 1.34910798072815
1.27959191799164 1.27959191799164 1.86372077465057 1.33364367485046 1.47564959526062 2.00378489494324 1.76465547084808 1.52988433837891 1.39960908889771 1.8954074382782 1.8954074382782 1.47319829463959 1.44402873516083 1.71825587749481 1.44613575935364 1.25135457515717 2.87937355041504 4.51571846008301 2.86158514022827 2.86158514022827 1.13462722301483 2.083744764328 3.02239441871643 2.71008276939392 2.01796674728394 2.25513553619385 2.00386118888855 0.961124241352081 0.961124241352081 0.901773869991302 1.65255761146545 3.10605144500732 4.52411413192749 3.88882398605347 4.57306480407715 5.57929182052612 6.6659951210022 6.6659951210022 7.58382129669189 7.66264152526855 5.89279174804688 3.68145203590393 2.50408387184143 1.35271716117859 0.63792759180069 0.60003536939621 0.60003536939621
1.36872851848602 1.36872851848602 2.07187724113464 1.57403826713562 1.45151913166046 2.22630167007446 1.98624587059021 1.73837864398956 1.46940505504608 1.56088387966156 1.56088387966156 1.90060889720917 1.32869958877563 1.60220563411713 1.94510686397552 3.03847670555115 3.54244089126587 7.7567310333252 6.79650688171387 6.79650688171387 2.4582622051239 2.34191727638245 3.28843879699707 2.60063481330872 2.34402537345886 2.05964016914368 1.95459127426147 0.876759052276611 0.876759052276611 2.40106201171875 3.30684208869934 4.15854024887085 5.01844167709351 5.83604145050049 7.38608551025391 8.37061023712158 8.4853401184082 8.4853401184082 5.28146171569824 3.65524983406067 2.73431515693665 2.01220917701721 0.970772385597229 0.599333882331848 0.839131116867065 1.42904627323151 1.42904627323151
1.53015613555908 1.53015613555908 2.07021188735962 1.93953585624695 1.8720874786377 1.89062857627869 2.05529046058655 2.42225122451782 2.0879328250885 1.84536921977997 1.84536921977997 2.13722109794617 1.51412534713745 1.45101487636566 1.37695217132568 1.45732772350311 1.57632946968079 2.04777789115906 1.65829610824585 1.65829610824585 1.27505469322205 2.39155435562134 3.77785587310791 2.23798298835754 2.30950284004211 2.33553409576416 1.18452000617981 1.49842655658722 1.49842655658722 5.45257616043091 8.25402927398682 8.74903869628906 9.28828716278076 9.47023773193359 10.0077257156372 9.31778717041016 6.03389024734497 6.03389024734497 0.883995175361633 0.435521394014359 0.466879993677139 0.583503663539886 0.645731687545776 1.72631549835205 1.83490705490112 2.34022569656372 2.34022569656372
1.13373959064484 1.13373959064484 1.68878722190857 1.61012601852417 1.43664515018463 1.55676960945129 1.64632523059845 1.80615341663361 1.92000317573547 1.96478700637817 1.96478700637817 3.33656573295593 2.10295987129211 1.85347390174866 2.28759431838989 2.33905243873596 2.54923248291016 2.35092306137085 2.47644686698914 2.47644686698914 1.07184910774231 3.59343075752258 4.00798845291138 2.72659468650818 2.95040559768677 1.66146171092987 1.74298357963562 2.79848265647888 2.79848265647888 5.68940496444702 8.05764293670654 7.7966833114624 8.44027423858643 8.58035087585449 6.03442001342773 2.47013545036316 1.35490918159485 1.35490918159485 0.65519905090332 0.567228734493256 0.513058662414551 0.526039063930511 2.99529194831848 5.13138961791992 3.31144022941589 2.21390199661255 2.21390199661255
1.76977586746216 1.76977586746216 1.48684287071228 1.50290632247925 1.36951184272766 1.4870240688324 1.48881483078003 1.48042321205139 2.17839503288269 2.39557814598083 2.39557814598083 2.29188632965088 2.73582625389099 2.0217387676239 2.42049264907837 3.02839279174805 3.28789329528809 3.43351125717163 3.1539945602417 3.1539945602417 1.2259464263916 3.23100328445435 3.64821171760559 2.89496183395386 1.43911802768707 0.732944905757904 1.45388317108154 1.40826904773712 1.40826904773712 2.70273447036743 3.94760727882385 3.77061057090759 2.88786864280701 1.33234357833862 0.866603374481201 0.975527584552765 1.41096317768097 1.41096317768097 1.23081946372986 0.770542323589325 1.12932980060577 1.24897360801697 2.00942754745483 2.76828098297119 2.26946949958801 1.31227195262909 1.31227195262909
