maps/soil_type_500.asc
ncols        474
nrows        183
xllcorner    22165.449199999999
yllcorner    152812.593800000002
cellsize     500.000000000000
NODATA_value  -9999
[rows 84 to 125 of 183, columns 95 to 189 of 474]
152 152 152 154 154 142 152 147 150 149 149 149 149 149 153 156 134 134 129 121 125 119 118 118 134 134 134 236 221 236 236 236 236 233 233 233 233 240 236 233 236 236 236 236 236 242 242 132 134 134 118 118 121 130 134 140 111 99 111 111 111 111 95 109 111 100 100 107 110 106 111 111 95 110 110 111 95 95 95 95 95 114 100 115 113 100 115 100 100 100 114 114 112 57 57
152 147 154 154 154 142 152 152 152 149 149 149 149 149 148 148 148 146 121 134 125 125 134 134 120 122 134 125 134 119 119 236 231 236 236 227 236 242 236 240 236 236 236 236 236 236 236 116 116 134 134 134 134 119 134 125 111 99 111 111 101 95 111 95 100 100 111 107 111 111 111 106 95 110 95 95 95 95 95 114 111 111 115 114 114 115 114 115 115 111 111 112 112 111 111
152 147 147 153 142 152 147 147 152 149 149 149 149 143 148 152 148 150 152 150 125 133 134 134 134 122 122 122 122 122 134 134 231 231 220 236 241 134 134 140 236 240 236 236 236 236 236 221 116 134 118 120 120 134 134 134 111 100 111 111 107 100 111 111 109 109 106 111 111 105 105 111 111 95 95 95 95 111 100 100 114 100 100 111 114 115 111 111 115 110 111 111 100 100 114
233 233 233 147 152 152 147 152 151 149 152 149 152 151 151 148 152 152 152 147 152 152 152 134 133 116 122 122 122 116 132 134 133 134 134 133 125 133 133 122 136 123 123 221 236 234 240 236 120 134 134 134 120 119 124 134 134 112 111 111 111 105 111 111 111 109 109 95 95 104 105 111 111 95 95 95 115 115 100 100 111 115 115 111 115 115 111 111 111 111 111 100 112 111 114
233 233 233 233 152 152 152 154 151 151 152 152 152 152 151 151 148 151 152 152 152 152 152 152 152 133 133 116 116 116 116 116 116 134 134 122 133 122 133 134 133 119 123 133 125 234 230 240 134 134 134 134 134 127 124 116 111 111 111 111 111 111 111 97 107 107 111 95 95 111 111 512 95 95 95 100 100 100 114 115 115 111 115 115 115 100 114 114 111 115 100 111 115 111 114
233 233 233 233 241 142 152 151 151 151 152 152 152 152 151 151 152 152 152 152 152 152 152 152 148 147 116 121 134 134 116 116 134 134 134 133 134 134 122 122 116 133 133 123 125 124 127 124 118 134 134 134 129 127 132 132 111 111 111 111 111 111 107 107 111 111 111 111 95 111 512 95 95 95 114 111 115 111 111 115 111 115 95 115 100 100 111 111 111 111 111 115 112 114 95
228 236 236 233 241 236 152 152 150 150 150 147 152 151 152 152 151 152 152 152 143 152 152 152 152 152 151 133 122 134 116 116 119 134 119 122 122 134 116 122 122 124 124 133 134 132 122 134 134 134 134 134 129 117 132 124 111 111 111 109 111 106 111 111 111 111 111 111 501 95 95 95 95 95 111 111 95 115 115 95 115 95 100 115 115 115 115 111 115 111 114 115 112 111 111
231 224 230 233 233 236 236 146 149 147 147 147 147 152 152 152 151 151 152 152 143 152 152 152 152 156 155 155 139 134 134 116 134 134 119 133 133 122 134 134 134 133 129 134 134 134 134 134 134 134 134 119 134 132 116 117 111 111 111 95 111 111 111 111 111 111 502 501 111 95 95 95 95 95 111 95 115 115 115 115 95 95 95 111 111 95 114 115 115 115 112 112 111 112 114
224 224 236 241 236 241 231 236 149 149 149 147 150 148 151 152 151 151 151 152 152 155 152 152 152 152 155 150 134 134 134 116 116 134 134 126 133 116 133 134 134 134 134 134 134 134 134 134 134 134 134 121 134 134 116 116 134 512 512 95 95 111 95 95 512 501 501 111 95 95 95 95 95 95 111 111 95 111 100 115 111 111 111 95 111 115 111 100 114 115 114 111 114 114 100
224 233 236 241 236 236 236 236 231 149 149 146 149 149 150 152 152 151 152 152 152 152 152 152 155 149 156 156 152 134 134 116 116 119 119 134 119 117 133 133 134 134 130 130 134 134 134 134 134 120 120 120 121 134 134 120 522 111 111 111 509 512 501 518 501 111 111 111 95 95 95 95 95 95 95 101 101 100 100 111 111 111 111 95 114 114 115 114 114 100 100 100 100 100 111
233 233 236 231 236 231 231 233 231 233 146 146 146 152 155 150 150 152 149 149 149 152 152 155 155 149 149 156 152 152 141 126 126 116 116 127 139 139 133 133 126 134 134 134 134 134 134 134 130 134 134 134 134 134 134 501 111 111 111 111 236 220 512 101 111 95 111 111 111 95 95 95 95 95 95 95 95 111 111 111 100 114 100 115 115 115 114 100 100 100 111 111 111 111 111
233 224 236 231 236 236 231 238 231 231 236 146 146 149 149 156 152 152 146 149 152 152 148 152 155 155 155 153 153 149 149 149 143 143 143 143 143 152 152 133 134 134 134 134 134 134 134 121 134 116 501 517 517 501 501 501 236 223 230 236 236 227 236 111 111 95 95 95 95 95 95 95 95 95 95 95 111 111 95 111 100 100 115 114 114 102 111 107 106 106 111 110 95 111 111
224 236 236 236 236 236 236 238 233 231 231 236 236 153 153 153 147 236 242 220 236 151 148 152 152 155 155 155 152 152 149 149 143 143 143 143 155 155 152 150 146 236 223 221 223 231 231 121 134 501 522 218 218 218 223 219 223 236 236 220 220 236 95 95 95 95 95 95 95 95 95 95 95 95 95 95 111 95 95 109 95 115 111 111 102 111 111 111 111 111 110 111 111 111 111
236 236 236 236 233 236 236 231 233 231 241 236 236 236 152 149 231 231 236 236 236 231 227 152 152 152 155 152 156 156 152 155 155 155 155 152 152 151 152 236 236 231 231 223 223 236 218 222 223 522 222 218 218 223 223 219 223 223 220 223 111 111 111 95 95 95 95 95 95 95 95 95 95 95 95 95 95 95 111 100 111 111 111 115 115 115 111 110 111 111 110 111 111 111 111
236 231 231 236 233 231 236 221 233 230 236 236 231 236 231 236 230 230 227 230 230 230 231 233 231 236 152 152 156 152 155 155 236 236 236 236 236 236 236 227 236 231 223 218 326 218 218 222 514 512 222 222 219 218 219 219 223 223 230 111 111 111 111 519 95 95 95 95 95 95 95 95 95 95 95 95 95 95 111 111 111 111 112 111 111 111 111 110 110 111 110 111 111 111 111
236 236 234 233 236 241 231 221 221 231 231 236 231 231 230 230 230 230 230 230 230 231 231 231 231 231 236 240 227 225 234 236 236 236 236 237 318 318 320 318 318 318 318 318 318 318 318 222 501 222 223 222 221 236 219 223 223 225 229 111 111 522 534 501 501 95 95 95 95 95 95 95 95 95 95 95 95 95 111 111 95 111 109 111 111 111 111 111 111 111 111 111 111 111 114
241 231 236 231 236 231 236 224 236 236 219 220 218 236 218 236 225 225 225 230 223 225 223 223 223 223 218 225 216 220 225 225 318 318 318 318 318 318 318 318 318 318 318 318 318 318 318 522 512 218 218 236 522 517 501 508 220 225 229 221 222 221 501 514 514 95 95 95 95 95 95 95 95 95 95 95 111 111 111 111 95 111 111 111 111 111 111 111 111 111 111 111 111 111 111
221 230 233 236 236 236 236 236 236 236 318 318 318 318 318 318 318 318 326 326 326 318 326 318 318 328 328 326 326 326 320 318 318 323 318 318 318 318 318 320 318 318 318 318 318 318 326 517 501 218 218 507 507 522 522 522 522 229 229 221 221 221 512 514 514 95 95 95 95 95 95 95 95 95 95 95 95 96 111 111 111 111 111 111 501 501 501 111 111 111 111 111 111 111 114
231 236 233 236 236 236 236 318 322 322 318 318 318 318 318 328 328 328 326 326 326 320 326 323 323 326 326 326 326 326 326 320 318 318 318 318 318 318 328 318 326 326 326 318 318 318 326 501 223 218 507 507 507 507 517 522 522 236 222 236 222 236 509 509 520 95 95 95 95 95 95 95 95 95 95 95 95 501 111 111 111 100 501 501 501 501 109 111 111 111 111 111 111 111 114
231 224 236 236 236 322 322 322 322 322 318 318 318 328 318 328 328 326 318 326 318 318 318 318 318 326 318 318 318 318 318 323 331 318 318 318 318 319 328 328 318 325 318 318 318 326 522 501 223 507 507 507 507 507 517 517 223 222 222 512 509 512 512 227 227 512 95 95 95 95 95 95 95 95 95 95 95 501 514 501 502 502 501 501 501 501 111 112 111 111 111 111 111 111 111
218 219 319 322 322 322 322 322 322 318 318 318 318 328 328 326 328 328 318 326 318 326 318 318 318 316 326 318 318 318 318 318 320 318 318 326 318 318 318 318 318 318 318 318 318 325 501 229 507 507 507 507 507 517 516 221 222 222 220 509 516 516 512 220 221 95 95 95 95 95 95 95 95 95 95 95 95 501 502 502 515 501 111 111 111 111 109 111 111 111 111 111 111 111 111
318 322 328 322 322 318 322 328 396 328 328 328 326 328 328 328 326 326 318 326 318 318 318 318 318 326 318 318 318 318 318 396 396 396 399 396 396 396 398 396 396 318 318 318 318 512 512 229 507 507 507 507 517 516 501 501 501 223 533 516 222 222 512 236 512 95 95 95 95 95 95 95 95 95 95 95 512 501 508 514 515 95 111 111 111 111 111 111 95 100 100 111 111 114 111
322 328 328 318 318 328 328 396 396 396 318 318 328 328 318 318 318 318 330 318 318 318 318 318 318 318 318 319 318 396 396 396 396 396 396 398 398 398 398 398 396 318 318 318 318 501 229 516 507 507 507 517 516 516 134 134 501 501 508 222 222 236 236 512 95 95 95 95 95 95 95 95 95 95 95 95 95 95 111 514 515 95 111 103 96 100 111 111 95 111 97 111 111 111 111
318 322 322 328 328 328 396 396 396 396 328 328 328 318 318 318 318 326 318 318 318 318 318 318 318 318 318 325 396 396 396 396 396 396 396 396 402 396 401 401 401 326 318 318 325 501 229 516 507 507 507 517 516 501 501 134 134 501 512 222 229 236 221 95 95 95 95 95 95 95 95 95 95 95 95 95 95 95 111 519 501 111 100 100 100 103 111 111 111 111 111 111 106 111 111
322 322 328 326 328 328 318 396 396 396 318 318 318 328 318 318 318 318 318 318 318 318 318 318 326 318 396 401 396 396 396 396 396 396 396 396 402 402 401 401 401 318 318 325 325 501 501 517 507 507 517 516 501 501 134 134 134 116 229 229 236 221 95 95 95 95 95 95 95 95 95 111 95 501 95 95 95 95 95 502 501 111 100 100 100 111 103 111 111 111 111 111 111 111 529
318 318 322 328 328 322 318 396 396 396 396 396 318 326 318 318 318 318 318 318 318 318 318 318 396 396 396 396 396 396 396 396 396 401 396 396 401 402 401 401 318 318 318 318 501 501 522 507 517 517 516 501 501 134 134 134 134 134 221 134 134 95 95 134 134 134 134 95 512 512 111 111 95 514 95 95 95 95 95 512 501 111 111 96 96 102 100 111 100 111 111 111 111 111 502
318 318 318 318 318 317 318 318 396 396 396 396 396 396 400 316 318 318 318 318 318 396 396 396 396 396 396 396 396 396 396 396 396 396 401 400 402 401 398 318 318 326 318 325 501 501 522 517 517 512 522 501 501 134 134 134 134 116 134 134 134 117 116 134 134 118 120 121 121 523 526 111 95 512 95 95 95 95 95 95 514 111 102 100 111 111 95 111 100 111 111 111 111 111 515
318 318 318 318 318 318 318 318 396 396 396 396 396 400 400 400 400 396 396 396 396 396 396 396 396 396 398 396 396 396 396 397 396 396 396 396 402 396 326 326 326 326 325 325 501 522 517 522 501 501 522 501 501 134 134 134 134 134 134 121 134 125 124 134 134 124 117 121 116 116 512 514 501 512 95 95 95 102 95 95 512 512 111 111 111 111 111 111 111 111 111 111 95 512 340
318 318 318 326 319 318 318 318 396 396 396 396 400 400 400 400 400 400 397 396 396 396 396 396 396 396 396 396 396 396 396 396 396 396 401 401 396 318 326 326 325 318 325 508 522 516 501 522 501 507 508 501 512 116 121 134 134 134 116 134 116 124 138 138 134 134 117 134 116 116 501 514 501 512 95 111 102 111 111 95 95 512 512 111 111 111 111 111 111 111 512 512 340 340 340
318 318 318 326 323 323 400 396 396 396 396 396 396 400 400 400 401 396 396 396 396 396 396 401 396 396 396 400 396 396 396 396 396 396 328 325 318 318 318 318 318 517 510 509 522 523 500 501 501 507 517 533 523 125 120 134 134 134 124 116 116 116 138 133 133 134 134 134 134 134 501 501 501 95 111 111 111 111 111 111 111 221 512 512 111 100 111 512 516 522 338 336 340 342 342
328 328 326 326 326 396 396 402 396 396 396 396 396 396 400 400 398 396 396 396 396 393 396 396 396 396 396 318 318 318 318 318 318 316 318 523 523 522 522 522 512 517 512 509 534 509 501 501 501 501 501 512 120 121 121 134 134 123 126 116 116 133 133 133 123 137 134 134 132 501 501 501 111 95 111 111 111 111 111 225 223 221 236 236 512 512 236 236 236 333 333 335 335 336 336
318 328 318 318 326 401 393 401 396 401 396 393 396 401 396 396 401 396 396 396 396 396 396 318 318 318 326 318 318 318 318 323 318 523 330 326 326 330 330 319 508 512 512 512 518 509 533 501 512 501 523 120 120 121 123 121 125 133 133 133 116 133 134 134 134 134 132 132 134 501 501 236 230 236 236 230 220 218 225 218 236 236 218 218 218 218 236 333 333 333 335 335 335 336 336
328 328 318 326 318 326 326 316 326 326 331 330 326 401 401 397 396 396 396 396 401 397 326 326 326 318 318 318 318 318 318 323 523 330 318 318 330 318 509 501 507 507 512 512 512 512 512 512 134 134 132 134 121 121 121 139 133 133 138 138 138 134 137 137 134 134 132 134 134 501 501 236 236 236 229 222 236 236 236 236 236 220 218 218 220 218 336 333 336 336 335 335 335 336 339
328 326 326 326 326 326 326 316 330 326 318 318 326 326 328 326 325 397 401 396 328 321 318 326 318 318 318 318 318 318 326 318 502 326 323 319 523 518 124 132 501 509 512 512 512 501 501 132 132 132 132 134 134 134 133 139 133 126 138 138 134 134 134 137 117 132 134 134 501 501 230 227 236 236 223 343 332 332 334 336 336 218 218 218 218 342 333 336 336 336 335 340 335 336 415
328 328 328 326 326 326 318 316 328 328 318 318 328 326 326 326 328 328 326 318 321 318 318 326 326 318 318 318 318 318 318 318 502 326 326 523 119 134 120 132 116 512 512 512 501 134 134 134 134 134 134 134 134 139 139 141 134 134 134 134 134 132 134 137 134 134 134 501 532 501 230 240 230 236 341 344 332 332 334 336 336 339 218 336 336 340 333 333 336 336 335 336 412 412 412
328 318 318 236 223 223 223 230 216 216 318 331 328 328 328 328 326 326 326 328 328 328 326 326 326 318 318 318 318 330 331 509 501 501 501 134 118 126 132 132 116 116 132 116 134 134 126 126 134 134 133 123 141 141 141 141 134 134 132 123 132 134 123 134 134 134 501 501 512 230 230 230 230 229 342 342 336 336 336 336 339 336 335 340 333 333 335 336 336 340 412 412 412 412 412
322 318 318 230 230 223 223 225 230 216 240 331 331 326 323 326 326 326 331 331 331 318 331 326 326 318 323 323 320 510 501 501 501 318 507 501 120 132 119 134 116 134 134 132 134 134 133 133 134 126 133 140 141 141 139 139 134 134 134 132 132 132 134 134 501 501 501 501 230 223 225 223 230 230 340 342 336 335 336 336 336 336 336 333 335 336 336 336 336 412 412 414 412 412 412
318 318 318 230 225 225 225 229 230 221 221 230 318 318 326 326 328 331 331 331 326 331 331 330 318 325 318 526 318 318 318 318 318 320 501 501 116 116 116 134 134 141 141 133 140 133 117 140 141 141 134 116 116 116 139 140 140 134 132 117 134 134 134 533 501 501 529 236 230 223 230 218 223 336 336 336 336 335 408 408 408 336 333 335 336 336 336 412 412 412 412 412 412 412 416
328 328 328 223 225 223 223 229 221 221 230 234 223 328 331 330 326 328 330 326 326 326 326 330 320 507 507 318 318 326 318 318 318 523 501 501 132 116 134 138 141 133 141 138 133 141 141 133 137 137 141 116 116 140 139 134 137 132 116 134 134 501 501 501 501 501 240 236 230 226 225 223 229 344 336 335 336 416 412 408 408 412 408 412 412 412 412 412 412 412 412 412 412 412 416
328 318 318 230 223 223 229 221 221 221 230 230 230 230 331 331 328 328 318 327 318 318 326 509 502 222 318 318 318 318 326 318 509 501 501 119 119 134 116 138 139 139 139 126 133 141 137 139 134 133 141 134 141 134 140 134 134 132 501 514 533 501 501 501 236 236 236 236 225 220 225 344 344 344 336 412 409 412 412 408 416 407 407 412 412 415 412 412 412 412 412 412 412 412 412
331 326 328 223 223 223 229 236 229 221 230 225 225 230 230 318 331 328 323 326 330 522 509 522 221 218 318 318 318 325 325 318 507 134 132 126 134 134 134 133 133 126 134 134 134 133 133 137 134 137 134 137 137 137 134 134 137 134 501 501 501 519 236 230 236 230 236 225 225 236 336 336 337 336 412 414 412 412 412 408 408 416 407 407 412 412 412 412 412 412 412 412 412 415 407
328 328 328 326 326 223 230 230 230 225 236 236 236 236 236 225 318 330 330 326 501 517 509 229 222 218 318 318 318 325 318 501 501 116 116 124 126 134 134 133 141 134 134 134 134 134 133 133 140 137 134 133 133 133 133 134 137 137 132 501 501 221 229 222 229 222 223 336 334 334 336 332 407 412 412 412 412 407 408 407 407 414 412 416 412 412 412 412 412 416 412 408 412 412 407
