maps/soil_type_500.asc
ncols        474
nrows        183
xllcorner    22165.449199999999
yllcorner    152812.593800000002
cellsize     500.000000000000
NODATA_value  -9999
[rows 42 to 83 of 183, columns 95 to 189 of 474]
37 47 47 47 47 34 34 34 34 34 34 37 34 34 4 4 4 4 4 4 4 -9999 -9999 -9999 -9999 -9999 -9999 -9999 -9999 -9999 -9999 -9999 -9999 -9999 -9999 -9999 -9999 -9999 -9999 -9999 -9999 -9999 -9999 -9999 -9999 -9999 -9999 -9999 -9999 -9999 -9999 -9999 -9999 -9999 -9999 -9999 -9999 -9999 -9999 -9999 -9999 -9999 -9999 -9999 -9999 -9999 -9999 -9999 -9999 -9999 -9999 -9999 -9999 -9999 -9999 -9999 -9999 -9999 -9999 -9999 -9999 -9999 -9999 -9999 -9999 -9999 -9999 -9999 -9999 -9999 -9999 -9999 -9999 -9999 -9999
37 47 47 47 47 47 47 34 34 34 34 37 37 37 37 4 4 4 4 4 6 6 -9999 -9999 -9999 -9999 -9999 -9999 -9999 -9999 -9999 -9999 -9999 -9999 -9999 -9999 -9999 -9999 -9999 -9999 -9999 -9999 -9999 -9999 -9999 -9999 -9999 -9999 -9999 -9999 -9999 -9999 -9999 -9999 -9999 -9999 -9999 -9999 -9999 -9999 -9999 -9999 -9999 -9999 -9999 -9999 -9999 -9999 -9999 -9999 -9999 -9999 -9999 -9999 -9999 -9999 -9999 -9999 -9999 -9999 -9999 -9999 -9999 -9999 -9999 -9999 -9999 -9999 -9999 -9999 -9999 -9999 -9999 -9999 -9999
36 46 47 47 47 47 47 34 34 34 34 34 34 34 34 4 4 4 4 4 4 8 8 -9999 -9999 -9999 -9999 -9999 -9999 -9999 -9999 -9999 -9999 -9999 -9999 -9999 -9999 -9999 -9999 -9999 -9999 -9999 -9999 -9999 -9999 -9999 -9999 -9999 -9999 -9999 -9999 24 22 -9999 -9999 -9999 -9999 -9999 -9999 -9999 -9999 -9999 -9999 -9999 -9999 -9999 -9999 -9999 -9999 -9999 -9999 -9999 -9999 -9999 -9999 -9999 -9999 -9999 -9999 -9999 -9999 -9999 -9999 -9999 -9999 -9999 -9999 -9999 -9999 -9999 -9999 -9999 -9999 -9999 -9999
46 46 47 47 47 47 47 34 34 37 34 47 41 38 38 38 34 4 4 4 4 8 -9999 -9999 -9999 -9999 -9999 -9999 -9999 -9999 -9999 -9999 -9999 -9999 -9999 -9999 -9999 -9999 -9999 -9999 -9999 -9999 -9999 -9999 -9999 -9999 -9999 -9999 -9999 -9999 -9999 22 22 22 22 -9999 -9999 -9999 -9999 -9999 -9999 -9999 -9999 -9999 -9999 -9999 -9999 -9999 -9999 -9999 -9999 -9999 -9999 -9999 -9999 -9999 -9999 -9999 -9999 -9999 -9999 -9999 -9999 -9999 -9999 -9999 -9999 -9999 -9999 -9999 -9999 -9999 -9999 -9999 -9999
37 46 46 47 47 47 37 32 47 36 36 47 47 47 38 37 4 4 4 4 4 9 -9999 -9999 -9999 -9999 -9999 -9999 -9999 -9999 -9999 -9999 -9999 -9999 -9999 -9999 -9999 -9999 -9999 -9999 -9999 -9999 -9999 -9999 -9999 -9999 -9999 24 24 -9999 24 24 22 24 24 30 -9999 -9999 -9999 -9999 -9999 -9999 -9999 -9999 -9999 -9999 -9999 -9999 -9999 -9999 -9999 -9999 -9999 -9999 -9999 -9999 -9999 -9999 -9999 -9999 -9999 -9999 -9999 -9999 -9999 -9999 -9999 -9999 -9999 -9999 -9999 -9999 -9999 -9999 -9999
46 46 46 36 33 47 32 32 47 36 36 47 47 47 36 4 4 4 4 5 4 9 9 -9999 -9999 -9999 -9999 -9999 -9999 -9999 -9999 -9999 -9999 -9999 -9999 -9999 -9999 -9999 -9999 -9999 -9999 -9999 -9999 -9999 -9999 26 26 24 22 22 -9999 24 30 24 24 22 24 24 -9999 -9999 -9999 -9999 -9999 -9999 -9999 -9999 -9999 -9999 -9999 -9999 -9999 -9999 -9999 -9999 -9999 -9999 -9999 -9999 -9999 -9999 -9999 -9999 -9999 -9999 -9999 -9999 -9999 -9999 -9999 -9999 -9999 -9999 -9999 -9999 -9999
37 37 37 32 47 47 47 47 36 36 36 36 47 47 4 17 4 4 5 4 4 4 8 -9999 -9999 -9999 -9999 -9999 -9999 -9999 -9999 -9999 -9999 -9999 -9999 -9999 -9999 -9999 -9999 -9999 -9999 24 22 22 -9999 22 22 22 22 22 22 24 24 22 22 22 22 22 22 24 24 24 24 -9999 -9999 -9999 -9999 -9999 -9999 -9999 -9999 -9999 -9999 -9999 -9999 -9999 -9999 -9999 -9999 -9999 -9999 -9999 -9999 -9999 -9999 -9999 -9999 -9999 -9999 -9999 -9999 -9999 -9999 -9999 -9999
46 46 37 37 37 37 47 47 36 36 36 36 36 4 4 4 4 5 4 4 4 4 9 -9999 -9999 -9999 -9999 -9999 -9999 -9999 -9999 -9999 -9999 -9999 -9999 -9999 -9999 -9999 -9999 -9999 -9999 22 22 22 22 22 22 22 22 22 22 24 24 24 24 22 22 24 24 22 22 24 24 24 22 -9999 -9999 -9999 -9999 -9999 -9999 -9999 -9999 -9999 -9999 -9999 -9999 -9999 -9999 -9999 -9999 -9999 -9999 -9999 -9999 -9999 -9999 -9999 -9999 -9999 -9999 -9999 -9999 -9999 -9999
37 62 53 37 55 58 37 47 36 37 47 36 4 4 4 4 4 4 4 4 4 4 9 -9999 -9999 -9999 -9999 -9999 -9999 -9999 -9999 -9999 -9999 -9999 -9999 -9999 -9999 -9999 -9999 -9999 -9999 26 22 22 24 24 24 22 22 27 22 24 24 24 24 22 22 24 22 22 22 22 22 24 22 22 22 -9999 -9999 -9999 -9999 -9999 -9999 -9999 -9999 -9999 -9999 -9999 -9999 -9999 -9999 -9999 -9999 -9999 -9999 -9999 -9999 -9999 -9999 -9999 -9999 -9999 -9999 -9999 -9999
37 57 53 55 55 58 57 37 37 37 59 59 4 4 5 4 4 4 4 4 4 19 4 9 -9999 -9999 -9999 -9999 -9999 -9999 -9999 -9999 -9999 -9999 -9999 -9999 -9999 -9999 -9999 -9999 -9999 -9999 30 29 29 30 30 24 22 22 22 22 24 24 24 22 25 24 24 24 24 22 24 22 22 22 24 22 22 -9999 -9999 -9999 -9999 -9999 -9999 -9999 -9999 -9999 -9999 -9999 -9999 -9999 -9999 -9999 -9999 -9999 -9999 -9999 -9999 -9999 -9999 -9999 -9999 -9999 -9999
53 55 53 55 57 58 56 59 57 57 57 4 5 4 4 4 4 4 4 3 4 19 20 20 9 -9999 -9999 -9999 -9999 -9999 -9999 -9999 -9999 -9999 -9999 -9999 -9999 -9999 -9999 -9999 -9999 -9999 22 24 29 22 22 24 22 22 24 22 22 24 24 22 22 22 22 24 22 22 22 22 22 24 22 22 22 22 22 22 30 22 25 30 -9999 -9999 -9999 -9999 -9999 -9999 -9999 -9999 -9999 -9999 -9999 -9999 -9999 -9999 -9999 -9999 -9999 -9999 -9999
57 69 55 53 57 55 57 59 57 57 17 4 5 4 4 4 4 4 4 4 4 19 19 4 4 4 -9999 -9999 -9999 -9999 -9999 -9999 -9999 -9999 -9999 -9999 -9999 -9999 -9999 -9999 -9999 -9999 24 25 22 30 22 25 25 25 22 22 22 22 24 22 24 22 22 24 24 24 22 24 24 22 24 22 22 22 22 22 22 22 24 30 -9999 -9999 -9999 -9999 -9999 -9999 -9999 -9999 -9999 -9999 -9999 -9999 -9999 -9999 -9999 -9999 -9999 -9999 -9999
53 56 55 53 55 55 57 57 57 4 4 4 4 4 4 4 4 4 4 20 19 19 4 4 4 4 4 4 -9999 -9999 -9999 -9999 -9999 -9999 -9999 -9999 -9999 -9999 -9999 -9999 -9999 -9999 22 22 22 24 22 24 24 24 95 111 24 24 22 22 22 22 22 22 22 26 24 24 24 22 22 22 22 22 22 22 22 24 22 24 25 25 22 -9999 -9999 -9999 -9999 -9999 -9999 -9999 -9999 -9999 -9999 -9999 -9999 -9999 -9999 -9999 -9999
57 53 53 55 53 53 57 57 57 18 4 20 4 4 37 37 37 37 37 37 20 4 134 134 37 49 4 111 111 -9999 -9999 -9999 -9999 -9999 -9999 -9999 -9999 -9999 -9999 -9999 -9999 -9999 22 22 22 22 22 22 24 102 102 102 111 102 30 30 30 30 30 24 30 96 96 26 26 24 24 30 24 25 96 24 24 111 22 22 22 24 24 22 -9999 -9999 -9999 -9999 -9999 -9999 -9999 -9999 -9999 -9999 -9999 -9999 -9999 -9999 -9999
57 55 53 55 64 53 57 37 45 18 11 37 37 37 37 37 37 37 37 37 134 134 122 52 37 48 134 136 111 -9999 -9999 -9999 -9999 -9999 -9999 -9999 -9999 -9999 -9999 -9999 -9999 -9999 -9999 22 22 24 30 30 102 102 102 102 102 96 96 101 111 111 102 95 95 95 96 96 102 102 103 111 111 102 96 111 22 111 25 25 22 22 22 22 22 -9999 -9999 -9999 -9999 -9999 -9999 -9999 -9999 -9999 -9999 -9999 -9999 -9999 -9999
43 57 53 55 64 57 37 37 37 37 37 37 37 37 37 37 37 43 37 37 134 37 37 52 136 136 136 122 134 111 113 -9999 -9999 -9999 -9999 -9999 -9999 -9999 -9999 -9999 -9999 112 111 95 102 105 113 105 115 105 105 105 95 95 95 115 115 101 102 102 102 103 113 113 113 113 102 102 95 102 111 96 24 95 111 22 22 22 22 22 22 -9999 -9999 -9999 -9999 -9999 -9999 -9999 -9999 -9999 -9999 -9999 -9999 -9999 -9999
43 37 57 55 37 37 37 37 37 37 37 37 37 37 37 37 37 37 37 37 37 52 52 127 137 140 140 116 136 113 113 99 99 103 111 111 111 95 113 108 108 95 95 95 112 115 115 115 115 111 111 115 115 103 115 101 103 103 102 102 113 113 113 113 108 112 113 102 102 102 102 96 24 111 111 22 22 22 22 22 -9999 -9999 -9999 -9999 -9999 -9999 -9999 -9999 -9999 -9999 -9999 -9999 -9999 -9999 -9999
43 37 37 57 53 37 53 37 37 37 37 37 37 52 37 37 37 37 37 37 37 37 134 134 134 134 140 140 125 116 101 99 99 115 111 111 111 111 113 111 113 101 95 101 115 101 115 115 115 115 115 113 101 113 111 115 102 113 113 113 113 108 102 102 108 113 111 102 102 102 102 96 24 24 111 22 111 111 22 22 -9999 -9999 -9999 -9999 -9999 -9999 -9999 -9999 -9999 -9999 -9999 -9999 -9999 -9999 -9999
43 43 37 37 57 57 57 37 37 37 37 52 37 134 37 37 37 140 140 140 134 134 134 134 127 134 134 134 140 127 127 113 95 111 111 111 111 115 113 113 115 113 101 102 102 101 115 115 115 115 113 113 110 111 115 111 102 114 113 113 113 111 111 95 113 113 113 113 102 102 102 96 96 24 111 22 22 111 22 22 -9999 -9999 -9999 -9999 -9999 -9999 -9999 -9999 -9999 -9999 -9999 -9999 -9999 -9999 -9999
116 43 43 37 37 37 37 37 37 52 52 140 140 134 137 140 140 134 134 134 136 133 140 134 134 134 134 136 127 140 137 136 115 111 97 97 103 103 103 103 103 115 115 115 115 111 115 112 110 115 115 115 111 115 113 113 114 114 102 111 111 102 111 95 95 113 111 113 111 102 102 103 111 102 25 25 24 22 22 22 -9999 -9999 -9999 -9999 -9999 -9999 -9999 -9999 -9999 -9999 -9999 -9999 -9999 -9999 -9999
116 116 43 37 37 37 37 134 131 140 140 140 140 133 129 134 134 136 136 136 140 140 140 140 140 140 140 136 134 134 134 134 134 114 115 103 103 103 113 103 103 115 115 115 101 115 102 108 115 113 101 101 101 102 100 100 111 108 112 114 102 100 100 115 115 111 111 113 111 102 102 103 102 102 95 30 22 30 22 30 -9999 -9999 -9999 -9999 -9999 -9999 -9999 -9999 -9999 -9999 -9999 -9999 -9999 -9999 -9999
116 116 116 43 37 116 131 140 140 140 140 140 133 127 134 134 134 136 136 140 140 127 134 134 140 140 136 134 134 134 134 134 134 134 115 115 115 111 103 115 111 111 95 115 115 115 102 102 101 96 96 96 96 108 114 95 95 102 114 100 114 100 102 115 111 115 111 113 113 111 103 103 113 112 95 103 113 113 103 111 -9999 -9999 -9999 -9999 -9999 -9999 -9999 -9999 -9999 -9999 -9999 -9999 -9999 -9999 -9999
116 116 116 116 116 116 116 116 140 140 133 141 141 141 141 137 134 136 136 136 136 133 133 134 140 140 134 134 134 134 134 116 134 134 111 111 111 114 114 114 111 115 115 97 102 101 102 101 102 96 104 105 104 104 95 95 113 100 114 110 105 111 115 110 111 111 111 113 113 113 111 103 103 111 110 108 109 103 103 115 -9999 -9999 -9999 -9999 -9999 -9999 -9999 -9999 -9999 -9999 25 23 23 23 -9999
116 116 116 116 116 117 117 116 134 116 127 133 141 116 140 140 134 134 129 133 133 139 133 133 133 134 133 134 129 134 116 116 116 134 137 114 114 114 114 114 103 101 115 115 101 110 105 110 110 104 104 99 102 102 102 102 105 110 110 113 110 110 113 110 110 115 111 111 111 110 111 113 113 113 113 110 103 102 103 103 103 -9999 -9999 -9999 -9999 -9999 22 22 30 25 25 23 23 30 -9999
116 116 116 116 116 134 134 134 134 140 139 134 139 139 139 139 134 129 129 136 134 139 116 139 133 133 140 140 134 134 116 116 116 134 134 134 111 113 111 111 115 95 113 113 113 97 113 102 102 99 113 113 113 113 110 110 110 110 110 110 115 110 110 110 110 115 113 111 115 110 111 111 110 113 103 103 95 100 113 108 113 95 95 115 111 22 22 22 30 30 30 30 30 -9999 -9999
116 116 116 116 116 116 134 134 134 134 134 134 133 117 116 134 134 126 139 134 134 133 140 140 133 133 140 140 134 134 134 134 134 134 134 134 134 111 111 111 111 111 95 95 113 113 113 114 113 113 113 112 113 113 113 113 113 113 111 115 113 102 102 115 110 110 102 111 110 115 113 111 110 110 110 113 102 113 95 95 113 95 95 95 115 115 30 30 30 110 102 113 113 -9999 -9999
116 116 116 116 116 116 128 134 134 134 139 127 127 136 140 140 140 133 133 133 140 140 140 140 134 139 134 140 129 134 134 127 134 134 134 134 134 140 140 115 111 113 110 95 95 113 113 113 113 95 113 113 111 111 113 111 110 110 110 102 111 102 113 115 115 115 113 102 113 115 110 110 113 113 113 110 111 111 105 95 95 95 95 95 113 111 113 113 113 113 102 113 113 95 114
116 116 116 116 116 116 116 116 130 134 140 140 140 140 140 133 134 140 140 133 140 133 140 140 140 140 140 134 134 134 127 134 134 134 134 134 134 134 140 140 111 115 111 111 104 95 95 95 95 95 111 111 112 110 110 110 113 95 95 102 95 95 113 115 111 95 95 110 115 111 110 105 110 113 113 111 111 111 110 95 95 95 95 95 95 115 113 105 105 95 114 114 114 114 114
116 116 116 134 134 134 134 134 134 136 134 134 236 140 134 134 134 134 140 134 125 127 140 133 134 140 134 127 134 140 140 140 125 233 239 236 236 236 116 134 134 111 105 104 95 95 95 95 95 95 105 111 111 108 110 115 115 95 113 115 110 110 110 110 115 95 103 110 115 110 110 110 105 111 105 110 110 113 111 111 95 95 95 113 110 111 111 108 104 95 110 110 114 108 108
116 116 116 134 134 236 236 236 236 236 238 241 238 236 239 236 239 236 236 236 236 238 238 236 236 242 236 242 238 238 236 236 236 236 236 236 236 236 236 125 125 134 136 108 113 113 95 95 95 95 111 111 111 95 104 105 105 111 113 115 115 110 111 111 110 114 110 110 110 110 110 109 105 105 95 102 110 113 115 111 95 95 105 105 105 111 111 111 108 110 113 113 108 105 105
116 116 116 134 236 227 236 236 231 236 217 236 236 231 236 236 236 236 236 236 241 241 238 242 236 236 236 236 236 236 236 236 236 236 236 236 236 236 242 140 133 134 134 136 108 108 95 108 95 95 95 95 110 105 105 105 104 104 104 105 104 110 110 111 110 100 113 113 110 110 110 105 111 95 110 105 105 105 110 111 95 105 105 105 111 111 111 111 111 110 110 110 108 105 105
134 122 134 127 236 227 227 238 231 236 236 236 236 236 236 241 241 236 236 236 236 236 241 236 236 236 236 236 235 236 236 236 236 236 236 236 236 236 236 140 134 140 123 134 136 136 136 113 113 111 95 111 111 105 115 111 111 104 104 104 104 104 105 110 110 105 108 113 108 110 104 104 104 95 95 110 110 110 110 111 95 111 111 111 97 111 100 111 106 105 105 104 104 104 104
134 122 125 125 121 231 231 231 231 236 236 236 231 233 233 241 221 236 241 241 236 236 236 236 236 236 236 236 236 236 236 236 236 236 235 236 236 236 236 140 140 133 133 134 116 136 127 127 111 111 115 111 113 103 113 103 99 99 99 103 103 99 99 104 104 105 105 104 105 105 103 111 111 100 111 111 100 100 95 111 95 111 97 100 100 114 111 114 95 95 95 110 95 108 105
134 122 122 127 125 221 223 225 231 231 236 236 231 233 231 231 231 236 241 241 236 236 236 236 236 236 236 235 236 236 236 235 236 235 235 236 236 236 236 134 125 133 133 134 134 122 136 116 116 116 95 111 115 111 111 99 110 110 113 99 113 99 99 97 103 99 99 99 99 103 103 99 100 100 114 100 114 100 111 100 114 100 111 111 115 114 111 111 100 95 95 95 111 111 111
134 122 122 122 125 116 223 223 231 236 227 236 236 238 225 231 231 241 241 236 241 241 236 236 236 236 236 236 235 236 236 236 235 236 236 236 236 236 236 140 134 125 124 123 134 134 122 116 139 116 122 99 103 99 97 99 99 113 99 103 113 103 99 99 99 99 99 99 99 97 99 99 100 100 114 115 114 110 115 111 111 111 111 114 111 110 115 111 111 111 111 111 111 111 501
152 116 116 116 134 116 134 236 236 236 236 236 236 236 231 225 225 225 236 236 236 236 236 236 236 236 236 236 236 236 236 236 235 235 235 235 236 236 236 134 134 121 124 134 134 116 134 136 122 122 122 136 113 113 99 111 114 95 99 113 103 113 99 99 113 99 99 108 108 99 103 99 100 114 111 111 111 111 111 114 111 111 111 111 111 111 111 111 111 111 111 501 501 501 501
152 143 116 125 125 134 134 236 231 236 231 238 234 231 234 225 225 230 236 236 236 236 236 236 236 236 236 236 236 236 236 236 236 236 235 235 221 221 236 236 140 134 116 124 121 134 134 119 134 123 137 116 116 95 95 95 100 99 113 99 97 99 99 99 99 99 111 99 97 97 103 95 103 111 111 111 111 111 111 111 111 111 111 95 111 111 111 111 111 509 508 501 501 509 509
147 149 149 125 125 125 236 225 225 224 231 231 234 230 225 230 120 134 125 133 236 236 236 241 236 217 241 241 241 236 236 236 221 236 236 236 221 221 236 236 236 134 124 124 124 134 123 134 134 134 134 134 134 95 111 111 111 111 113 99 99 99 99 100 100 99 100 111 111 103 103 111 100 100 111 111 111 111 95 111 111 111 111 111 111 111 501 502 502 509 519 509 509 509 501
152 152 149 149 154 125 236 236 236 231 231 121 116 134 120 134 116 134 134 133 133 238 241 225 236 236 236 236 241 236 236 235 221 236 221 236 236 236 236 236 236 236 236 236 236 134 134 134 134 124 134 134 124 116 111 111 100 100 100 100 100 111 111 111 111 99 99 111 111 103 114 111 100 110 111 100 111 95 95 111 111 111 501 501 521 253 253 253 501 501 501 102 501 501 529
152 149 149 149 152 152 152 236 231 134 134 134 121 134 133 116 134 134 134 130 118 118 118 225 234 236 221 221 236 236 236 236 236 221 236 236 236 236 236 236 236 236 236 236 236 134 124 116 134 134 134 118 124 134 134 111 111 100 100 100 111 111 111 100 111 111 98 103 111 111 111 95 115 100 110 111 110 95 111 111 111 501 253 253 253 253 253 253 501 100 114 114 501 501 57
147 149 153 145 145 152 152 152 146 149 121 125 121 134 134 130 116 134 133 118 118 118 118 236 236 241 221 238 236 236 240 236 236 236 236 236 236 236 236 236 236 242 242 236 236 236 132 117 118 118 124 118 134 124 134 111 111 100 111 98 111 111 111 100 95 111 100 111 100 111 98 106 111 110 110 110 115 111 111 95 95 253 253 253 253 253 253 100 114 100 95 111 100 111 57
152 146 152 152 156 153 152 152 149 153 149 149 149 134 134 116 129 134 133 134 116 116 134 134 121 236 236 233 241 236 236 230 236 236 236 236 221 221 233 241 239 239 236 236 236 239 132 116 118 134 124 118 122 130 124 111 111 111 100 95 111 111 100 95 95 111 107 107 100 111 111 114 114 111 111 111 95 111 95 95 95 100 100 115 113 115 100 100 114 95 100 114 100 57 57
