maps/soil_type_500.asc
ncols        474
nrows        183
xllcorner    22165.449199999999
yllcorner    152812.593800000002
cellsize     500.000000000000
NODATA_value  -9999
[rows 126 to 167 of 183, columns 95 to 189 of 474]
318 331 328 326 326 229 223 230 230 234 236 234 234 224 234 234 231 523 501 501 225 236 509 221 218 218 223 318 222 229 505 501 501 116 124 116 124 141 140 140 126 134 134 132 134 134 141 141 134 137 137 134 133 133 133 133 132 132 132 501 508 240 222 219 334 336 336 336 332 332 407 407 407 412 412 412 412 416 416 412 412 412 412 407 407 412 412 412 412 412 408 412 412 412 440
230 225 328 326 326 223 223 230 226 236 230 224 224 229 224 231 509 501 236 225 223 236 501 509 221 229 223 222 216 216 501 501 116 116 116 132 124 124 141 134 236 236 237 221 229 229 134 134 134 141 123 134 123 123 134 139 132 132 132 501 221 230 222 336 336 336 336 336 336 412 412 412 412 412 412 412 416 412 412 407 407 412 407 407 412 412 412 412 412 412 408 412 412 412 440
221 221 326 326 223 223 223 229 230 229 236 230 224 230 230 509 512 236 230 223 218 218 218 501 501 229 229 222 501 523 512 512 134 134 125 132 140 140 134 240 236 237 236 230 229 229 237 236 236 134 132 134 121 121 134 134 134 132 116 501 512 221 342 336 332 336 336 332 403 403 412 404 412 412 412 412 412 404 412 412 412 412 407 412 412 412 412 412 412 403 412 403 412 440 440
221 501 216 221 221 223 223 223 229 225 230 230 501 501 501 512 221 230 223 230 229 223 218 236 501 507 522 508 533 134 116 116 134 132 132 125 132 134 126 236 237 236 236 229 336 336 236 236 240 236 236 230 134 134 134 116 134 132 132 533 532 336 332 332 336 332 332 336 403 403 412 412 412 412 412 440 440 404 412 416 412 412 412 407 412 412 403 440 440 440 440 440 440 440 440
512 512 512 512 221 221 236 229 229 501 501 221 221 225 230 221 221 227 223 223 230 230 225 236 218 505 507 509 501 116 116 116 116 134 134 134 134 126 126 236 232 336 336 336 336 346 336 336 221 237 226 219 219 219 134 134 134 134 134 523 501 336 336 336 332 332 334 403 412 412 412 412 440 440 440 440 440 440 412 416 412 440 440 412 412 440 440 447 447 447 447 441 440 440 440
223 223 223 225 512 512 526 236 522 501 236 225 225 223 221 230 230 230 225 225 225 229 225 221 223 218 518 533 508 116 116 116 125 134 139 134 134 126 230 237 236 336 336 336 336 336 338 336 336 229 229 219 219 219 220 220 134 134 134 134 501 533 501 336 336 412 407 407 403 403 440 440 440 440 440 440 440 440 440 412 440 440 440 440 440 443 440 440 440 440 440 440 440 440 440
326 326 326 326 221 225 225 225 226 226 229 223 223 223 223 225 230 225 223 221 221 223 236 221 220 512 523 512 132 132 134 139 139 134 140 133 134 134 236 236 336 336 340 336 336 336 336 336 336 332 336 236 221 236 229 221 236 236 134 229 134 501 533 534 512 412 407 440 440 440 440 440 440 440 440 440 440 440 440 440 440 440 440 440 440 440 440 442 440 440 440 440 440 440 440
401 401 326 326 318 328 328 225 225 226 225 225 223 223 221 223 223 223 223 223 229 221 219 216 512 221 216 240 134 134 226 126 126 139 134 126 134 134 236 236 336 336 340 336 336 336 336 336 334 336 336 336 332 236 336 229 229 229 236 221 221 508 508 501 502 408 440 440 440 440 440 440 440 440 440 440 440 440 440 440 442 442 440 440 440 440 440 440 440 440 468 468 468 482 482
401 401 328 328 328 328 326 229 225 225 229 223 223 223 223 223 221 222 236 216 216 508 501 230 230 221 221 216 237 220 226 237 134 134 134 134 134 236 236 236 336 336 340 336 332 332 336 337 337 337 332 340 332 332 332 338 336 336 218 221 221 508 534 534 512 468 477 440 440 440 440 440 440 440 440 440 440 440 440 440 440 442 440 468 440 440 440 440 440 468 472 472 482 482 443
402 399 396 318 318 328 328 225 223 230 230 230 229 223 221 221 221 508 517 517 517 512 225 225 230 230 221 221 216 220 236 126 123 134 134 129 230 236 237 236 336 336 412 407 412 412 412 337 332 332 412 412 412 336 332 336 339 339 336 334 221 533 533 508 408 412 481 481 440 440 440 440 440 440 440 442 440 440 444 440 440 442 440 482 482 447 440 468 468 482 482 447 444 444 443
396 400 400 400 326 328 318 225 223 223 223 219 218 223 221 221 517 522 221 236 522 230 226 230 230 234 230 221 221 221 116 116 140 133 126 134 236 236 236 236 346 412 412 407 407 407 407 407 407 407 412 412 412 336 332 332 332 332 332 332 236 533 508 512 408 408 480 440 440 440 440 440 440 440 440 447 440 440 442 442 442 447 444 440 468 468 468 482 482 444 444 443 447 444 443
402 400 400 328 328 328 318 326 326 223 223 218 218 236 222 508 236 221 221 221 221 229 230 236 225 234 221 221 221 221 116 116 116 134 126 134 236 237 236 236 412 412 412 407 407 412 412 412 412 412 412 407 412 412 407 407 407 407 332 332 217 502 506 410 408 408 412 440 477 478 440 440 440 440 440 440 440 440 440 440 440 442 440 440 440 468 473 444 444 444 444 443 447 447 443
396 396 396 318 328 326 326 326 318 323 221 223 236 236 236 512 223 221 221 221 230 225 230 230 230 230 221 221 221 221 116 116 124 116 138 134 237 236 221 336 412 412 412 412 412 412 412 414 412 412 407 412 405 412 407 407 416 412 406 336 501 501 412 407 408 408 408 412 481 468 440 440 440 440 440 440 442 440 440 440 440 440 440 440 440 447 444 444 444 442 443 440 447 447 440
396 396 318 318 326 326 326 326 326 236 236 236 222 236 501 229 221 221 221 219 218 328 218 225 230 236 221 221 220 240 221 221 124 134 124 134 134 216 336 336 412 412 412 412 412 414 415 412 412 412 412 403 412 412 407 407 416 406 534 517 412 412 412 412 407 412 412 408 478 477 477 482 474 440 442 442 442 445 440 440 440 440 440 440 440 444 445 440 440 440 440 447 447 440 442
318 323 326 326 326 326 323 326 326 236 236 221 236 501 221 221 221 328 318 318 328 328 328 218 230 240 221 221 236 236 236 236 139 125 134 119 240 338 336 336 412 412 412 412 412 412 407 407 412 412 403 403 403 412 407 416 412 501 517 412 413 406 412 412 412 412 416 440 440 444 444 447 474 474 470 442 440 440 440 440 440 447 447 447 447 447 440 442 440 440 440 443 440 442 440
318 318 318 326 326 326 326 326 223 222 236 236 509 522 230 221 330 319 318 318 328 318 318 234 234 236 236 234 218 234 134 139 124 139 134 134 134 240 336 336 412 412 412 412 412 407 407 407 412 405 413 412 412 412 416 416 512 512 412 412 413 412 412 412 408 440 440 440 440 444 442 440 442 440 440 440 440 440 440 440 440 447 447 447 447 447 440 442 440 440 440 440 440 440 443
328 326 326 326 326 328 323 223 222 222 222 509 512 230 221 219 323 328 328 318 328 328 318 236 221 221 236 216 236 236 236 234 118 134 134 134 230 234 336 336 412 407 407 412 407 407 407 407 412 412 412 412 407 407 416 412 501 412 412 412 408 412 412 440 444 440 440 440 440 440 442 440 440 440 440 445 440 440 440 440 447 447 447 447 447 468 468 468 442 442 440 440 440 442 440
326 326 323 323 325 326 323 326 326 325 223 512 221 221 230 219 326 328 318 318 221 221 226 236 236 221 234 236 236 236 236 236 134 134 134 134 234 336 336 411 407 407 412 407 407 407 407 412 412 407 412 407 407 412 412 501 512 416 412 412 408 440 440 440 442 444 440 440 440 440 440 440 440 440 442 440 473 442 442 440 440 447 447 442 447 444 443 447 444 443 440 447 442 442 440
326 326 323 323 323 326 323 323 323 323 512 512 221 221 221 331 323 221 221 221 236 232 232 236 236 236 236 236 236 134 134 134 134 134 134 236 236 336 336 408 412 407 407 407 407 407 412 412 412 407 407 407 407 416 416 513 416 416 412 412 440 440 440 440 442 444 468 468 468 440 440 440 440 440 440 444 440 444 440 442 440 440 447 440 440 447 444 442 443 442 440 440 447 440 440
323 323 331 326 325 323 323 323 323 323 512 221 221 236 236 221 221 221 221 236 236 232 226 236 236 221 133 133 133 141 134 134 134 134 236 234 232 336 412 412 407 407 407 412 412 415 407 407 414 413 416 416 416 416 416 512 512 412 412 440 440 442 442 440 440 442 442 473 468 440 440 440 440 440 440 446 444 440 447 442 444 440 440 447 440 440 442 440 440 440 440 440 440 440 440
323 323 330 330 325 323 325 325 318 512 221 240 236 217 216 216 236 221 220 236 216 221 226 236 236 134 134 134 134 120 134 134 134 134 236 236 232 336 412 412 407 407 412 408 412 407 407 407 407 416 412 412 416 416 512 512 413 412 440 440 440 442 440 440 440 442 444 445 445 468 468 440 440 440 442 440 440 440 440 440 440 440 443 471 444 444 444 440 440 440 440 440 440 443 440
323 323 323 323 323 323 323 318 512 221 240 221 502 502 509 501 501 236 232 232 219 241 236 236 232 226 225 221 230 236 134 134 134 240 221 236 236 412 412 407 407 407 407 407 407 407 407 407 407 412 412 412 416 512 512 413 413 440 440 440 440 447 440 440 440 440 444 442 445 468 468 440 440 442 445 445 447 440 440 440 440 440 440 482 482 440 440 443 440 440 440 440 440 442 443
323 323 323 323 323 323 512 512 221 230 230 220 501 501 501 318 232 221 226 236 318 232 221 221 221 221 225 232 232 236 230 134 134 134 221 236 412 412 412 407 412 412 412 412 414 412 407 412 412 412 534 534 512 512 512 412 403 440 440 440 440 440 440 440 440 440 440 442 442 440 468 440 440 444 442 446 440 468 440 440 442 440 447 468 468 440 440 440 440 442 443 443 447 440 440
326 323 323 323 323 512 512 221 221 230 221 221 221 318 318 318 226 226 318 318 318 232 221 232 220 221 225 230 236 236 230 230 134 219 216 416 408 412 412 408 407 412 414 407 412 412 416 412 412 534 501 514 512 512 412 412 440 440 440 440 440 440 440 440 440 440 440 442 440 442 468 440 440 440 444 447 440 468 468 447 440 440 468 469 440 440 440 440 440 440 447 442 442 440 440
323 323 323 323 512 512 221 221 221 221 221 218 221 331 331 319 319 318 318 318 318 232 232 236 236 232 225 230 223 230 230 230 223 408 411 411 411 416 412 412 412 412 413 407 412 412 407 412 412 534 509 509 512 512 440 440 440 440 440 440 440 440 447 440 440 440 440 442 442 442 468 440 440 440 447 440 440 440 470 447 447 468 468 442 442 440 442 447 442 440 443 442 443 440 440
323 316 512 512 221 221 221 221 221 221 326 326 326 319 319 323 323 326 319 318 318 221 232 232 232 230 225 230 223 223 236 411 411 412 408 408 408 416 416 412 408 412 412 416 412 416 412 412 412 501 517 509 512 508 440 440 440 440 440 440 440 440 440 440 440 440 440 440 442 440 468 468 440 442 440 442 443 442 468 468 468 468 440 442 442 445 442 442 442 442 443 440 440 440 440
323 522 323 323 323 323 323 326 326 318 318 318 326 326 326 323 323 323 319 318 236 230 230 223 230 232 219 412 416 412 408 412 412 407 408 408 408 407 408 407 407 407 412 407 412 406 406 406 501 501 501 412 501 408 440 468 468 468 476 476 479 476 473 442 440 440 440 440 440 440 470 468 442 440 440 442 442 440 440 468 468 443 442 442 442 442 446 440 442 442 443 440 447 447 447
516 323 323 323 320 323 317 326 318 318 318 318 326 326 323 323 323 323 326 318 236 236 223 236 411 412 412 412 412 412 412 412 412 416 412 412 408 408 413 412 407 407 407 412 406 406 412 512 501 501 412 412 412 408 440 440 440 440 443 482 474 474 473 476 468 440 440 440 442 440 470 440 440 440 440 440 440 442 440 468 468 440 442 447 447 442 442 447 445 440 440 440 447 440 440
323 318 318 326 318 317 317 317 317 318 318 318 317 318 323 323 323 318 318 318 236 236 236 411 408 412 412 408 412 412 412 412 412 412 460 460 457 453 408 408 407 407 407 406 501 501 501 508 412 412 412 412 440 440 440 440 440 440 442 442 445 446 440 471 473 468 440 440 442 440 440 440 440 440 440 440 442 440 440 468 468 472 445 442 447 440 442 442 442 446 440 440 440 440 440
317 319 317 317 317 408 408 416 408 408 411 317 318 318 318 318 318 318 318 318 411 415 411 408 408 412 412 416 412 412 412 458 458 459 458 458 453 453 453 408 412 412 412 501 501 501 413 412 412 440 440 440 440 440 440 440 440 440 440 443 442 444 440 447 445 470 468 440 442 442 440 470 468 468 440 447 447 440 440 445 473 473 447 446 445 445 440 440 447 440 440 440 440 440 440
317 408 412 408 408 408 408 408 411 408 408 412 408 411 411 411 412 408 412 404 405 405 408 405 408 408 413 412 412 458 458 458 458 458 458 453 457 453 410 416 412 412 501 501 501 406 413 413 412 440 480 440 440 440 440 440 440 440 440 440 442 445 440 446 440 440 468 440 440 440 470 470 442 442 446 447 440 440 440 442 442 444 444 440 442 445 445 443 440 440 443 440 440 440 440
412 412 408 412 408 408 408 411 408 404 412 405 405 408 405 412 405 405 416 416 405 412 411 405 411 408 412 451 451 458 458 458 457 458 458 457 453 412 416 406 406 501 501 412 412 412 412 413 413 412 483 440 440 440 440 440 440 468 468 445 442 444 445 440 440 440 468 468 440 468 470 472 445 440 447 447 447 440 440 442 440 442 442 440 444 444 440 440 440 440 440 440 440 447 447
412 412 412 411 405 404 405 408 404 404 404 405 405 405 412 405 405 405 405 413 405 405 411 411 453 458 453 453 453 453 458 458 457 458 458 410 412 407 412 512 512 501 412 413 412 412 412 412 412 440 468 468 440 440 440 440 468 468 440 440 442 445 440 440 440 468 468 468 468 468 470 445 446 440 442 440 470 470 444 444 440 444 444 445 442 442 445 440 440 447 440 440 440 447 447
408 412 412 412 405 405 404 404 404 405 405 412 405 412 405 405 412 405 412 405 405 405 453 453 451 451 451 451 458 458 458 453 458 458 407 412 412 416 512 512 512 412 413 413 413 413 409 412 440 440 468 468 468 440 440 442 475 468 440 440 442 440 440 440 476 468 468 468 468 440 442 445 440 442 445 440 470 442 444 444 444 444 444 444 444 447 444 443 440 440 440 440 440 440 406
408 412 405 405 405 405 405 404 404 453 451 453 404 404 411 412 405 405 405 405 453 453 453 453 453 460 451 458 458 458 453 413 408 407 412 412 416 512 508 412 413 412 412 413 412 412 440 440 440 468 468 468 440 442 442 444 470 440 440 440 440 440 440 442 476 468 468 468 444 445 440 440 440 440 440 440 442 442 446 444 447 442 440 445 440 447 447 440 440 440 440 440 440 498 512
412 405 404 412 405 405 453 453 451 453 453 453 453 453 453 453 453 453 453 453 454 453 453 453 453 451 453 453 458 460 416 416 410 412 412 512 512 519 412 412 412 412 412 412 440 440 440 440 440 440 477 440 440 440 440 440 476 440 440 440 440 440 440 440 476 468 468 472 442 440 440 444 445 440 440 440 442 442 440 440 440 440 440 440 440 444 444 440 440 440 440 440 512 512 440
405 404 404 451 451 451 453 453 453 453 453 453 453 453 453 453 453 453 453 453 453 453 453 453 453 453 453 458 453 453 416 412 412 412 512 512 508 412 413 413 409 416 440 440 440 440 440 440 440 440 468 440 440 440 440 440 468 440 440 440 440 440 440 440 468 468 468 440 440 440 440 444 440 440 440 440 440 440 440 440 440 440 440 440 442 440 440 440 440 440 447 512 512 440 440
405 453 451 451 451 451 451 451 451 453 453 453 453 453 453 454 453 453 453 453 453 454 454 460 453 453 453 453 458 416 416 412 412 501 507 416 409 412 412 412 440 440 440 440 477 440 440 440 440 468 477 440 440 440 440 440 468 440 440 440 440 440 440 440 468 -9999 -9999 468 468 468 440 442 445 440 440 440 440 440 440 440 440 440 442 442 440 440 440 442 440 440 447 512 447 482 440
453 451 451 451 451 451 451 451 451 453 453 453 453 453 453 454 453 453 453 453 453 453 453 460 450 450 450 405 407 407 407 500 501 517 412 409 412 412 440 440 440 468 468 468 468 440 440 440 440 477 468 468 440 440 440 440 480 440 440 440 468 468 440 -9999 -9999 -9999 -9999 -9999 468 -9999 -9999 -9999 -9999 -9999 440 440 468 470 468 470 440 440 442 444 445 440 440 444 440 447 512 512 482 482 440
453 451 453 451 451 451 451 451 451 453 453 453 453 453 453 453 454 453 453 453 453 453 450 450 452 450 412 408 407 412 501 514 501 412 412 412 412 440 440 440 468 468 -9999 468 468 468 477 468 468 477 477 468 475 478 478 468 468 468 477 477 468 468 468 -9999 -9999 -9999 -9999 -9999 -9999 -9999 -9999 -9999 -9999 -9999 468 470 468 470 473 442 440 447 440 440 447 440 440 440 440 447 512 482 482 477 440
-9999 -9999 451 451 451 451 451 451 451 453 453 453 453 453 453 453 454 453 453 453 453 454 454 454 454 407 412 416 416 412 514 -9999 -9999 -9999 -9999 -9999 468 468 -9999 -9999 -9999 -9999 -9999 468 477 476 477 476 468 468 482 478 482 479 453 481 478 483 483 481 468 468 468 -9999 -9999 -9999 -9999 -9999 -9999 -9999 -9999 -9999 -9999 -9999 -9999 476 440 440 440 442 442 442 440 440 443 440 440 440 440 502 512 482 468 440 440
-9999 -9999 -9999 451 451 451 451 451 453 453 454 453 453 453 453 453 453 453 453 460 453 453 454 453 453 413 407 412 412 -9999 -9999 -9999 -9999 -9999 -9999 -9999 -9999 -9999 -9999 -9999 -9999 -9999 -9999 477 478 468 481 478 483 482 460 460 460 460 460 460 460 460 460 458 480 468 -9999 -9999 -9999 -9999 -9999 -9999 -9999 -9999 -9999 -9999 -9999 -9999 -9999 -9999 440 442 440 444 442 442 442 442 440 440 440 440 498 498 478 468 440 440 440
