maps/soil_type_500.asc
ncols        474
nrows        183
xllcorner    22165.449199999999
yllcorner    152812.593800000002
cellsize     500.000000000000
NODATA_value  -9999
[rows 84 to 125 of 183, columns 285 to 379 of 474]
512 512 262 255 253 255 528 501 185 510 526 526 525 521 521 197 198 195 195 195 183 180 181 181 177 181 181 181 181 181 182 186 189 189 185 181 181 173 181 181 181 185 182 182 180 178 180 180 182 182 182 181 181 181 181 181 182 535 501 191 173 184 184 181 181 181 194 181 181 179 179 179 180 180 180 175 189 189 175 177 185 197 197 201 197 201 199 199 169 165 171 167 169 169 157
357 357 253 253 253 255 255 510 253 245 253 253 253 253 253 521 185 521 527 520 502 181 181 183 183 183 177 181 181 181 182 182 181 181 173 181 181 181 181 181 181 182 182 185 173 173 180 182 182 182 182 182 182 181 179 181 182 514 514 199 199 191 196 181 181 181 173 178 178 178 177 177 177 175 175 177 177 177 177 177 177 200 199 199 197 197 199 199 191 165 169 169 169 157 157
357 253 248 248 262 253 261 253 253 261 248 248 253 253 253 253 253 253 253 525 525 502 183 181 183 182 182 181 181 181 181 181 181 173 181 181 181 181 181 175 185 182 182 182 184 173 182 182 186 179 181 181 186 181 182 174 174 521 521 196 191 191 184 187 181 180 180 178 177 177 175 179 181 181 179 181 181 177 177 177 181 181 198 194 197 197 197 196 191 191 181 168 168 157 157
253 253 245 253 253 253 253 253 248 248 248 248 253 253 253 253 253 253 253 261 525 521 177 180 175 181 182 182 181 178 181 181 181 181 181 182 181 181 181 181 181 186 182 182 184 184 185 185 185 179 181 181 181 175 174 174 177 535 501 199 191 191 191 181 195 180 180 183 177 175 181 181 181 181 182 184 182 190 177 177 179 194 195 197 194 194 197 191 191 191 200 197 197 200 173
253 253 253 253 253 253 253 248 253 253 253 244 253 253 253 253 253 253 253 253 254 521 521 185 183 181 181 182 181 181 181 181 181 176 175 181 181 181 181 181 181 181 182 184 184 184 185 173 181 179 181 179 177 177 181 179 181 515 536 194 194 191 193 192 195 173 183 177 177 175 181 181 182 181 181 174 175 177 181 179 179 194 193 173 194 194 173 191 191 191 173 173 186 199 173
253 253 253 253 253 253 253 248 253 253 253 253 253 253 253 253 253 253 248 262 248 521 521 183 181 181 181 182 182 181 181 181 181 181 181 181 181 181 181 185 185 182 182 181 179 179 173 173 179 181 181 181 182 181 179 181 521 521 197 173 193 193 196 181 177 177 177 177 181 173 181 181 181 182 182 174 174 174 179 179 173 193 193 173 173 193 193 193 196 197 194 194 199 196 199
253 253 253 253 262 253 253 253 253 253 253 254 261 261 253 258 263 263 263 248 253 248 502 524 180 180 181 181 181 181 181 181 181 181 181 181 181 175 185 175 185 182 181 181 181 185 181 181 185 185 184 181 181 200 177 177 521 501 173 193 193 181 181 181 181 181 181 181 181 181 180 182 182 182 182 174 174 181 179 173 195 191 193 195 194 197 197 197 191 191 197 197 199 188 177
253 253 250 253 248 262 262 253 253 253 253 254 253 253 253 244 253 261 250 253 254 261 502 527 180 180 181 181 181 181 181 181 181 181 181 181 181 185 185 185 177 181 175 179 184 184 185 181 179 194 194 173 181 177 501 501 501 181 197 174 174 181 181 181 181 181 181 181 181 181 181 182 182 182 182 181 181 181 181 179 191 198 197 197 197 197 197 197 197 197 197 189 199 199 176
253 253 253 253 248 262 253 253 254 253 261 253 261 265 261 261 261 261 244 244 244 261 502 502 525 180 181 181 181 181 184 184 184 173 184 184 181 185 181 181 194 194 194 185 191 184 173 173 181 181 501 501 501 501 501 180 181 181 181 181 181 181 181 181 181 181 181 181 181 181 181 181 181 181 174 186 181 181 181 173 181 198 194 194 197 188 177 177 177 197 197 197 197 197 173
253 253 253 253 253 258 262 258 253 265 265 261 265 253 261 253 254 245 245 245 256 254 254 502 502 181 181 181 181 181 181 181 184 184 184 181 173 187 185 185 181 173 181 184 184 185 173 173 181 501 501 501 181 181 181 181 183 181 181 181 181 181 181 181 181 181 181 181 181 174 181 181 190 181 181 179 180 181 180 173 173 198 198 177 198 198 199 199 197 173 197 177 188 194 191
262 253 253 253 253 253 253 262 253 261 265 261 248 248 265 245 254 261 261 256 256 248 261 254 502 509 181 181 181 181 181 181 184 184 184 184 184 187 181 181 185 197 185 191 191 181 501 515 510 501 181 181 181 181 181 183 183 183 181 181 181 181 181 181 181 181 181 181 181 181 181 190 190 181 181 193 180 183 183 181 181 181 181 198 198 199 199 177 177 177 177 173 191 191 191
263 262 262 259 263 253 253 253 253 265 261 261 260 265 265 261 248 261 256 248 248 266 266 266 528 502 181 180 181 180 181 181 181 184 184 184 181 181 181 177 181 181 189 181 181 501 501 501 501 181 181 181 181 183 190 181 181 181 181 181 181 181 181 181 181 181 181 181 181 192 180 181 181 190 181 181 181 181 181 181 181 181 181 199 199 177 199 199 199 181 173 173 181 191 194
262 262 253 263 263 263 263 263 244 244 261 265 253 261 261 254 261 261 248 248 248 248 267 261 261 502 502 181 181 173 173 181 184 181 181 181 181 184 181 501 501 521 501 501 501 501 528 195 193 195 181 181 183 185 183 197 197 173 194 181 181 190 181 181 190 181 181 183 174 181 181 173 181 181 181 181 181 175 181 181 181 181 181 181 181 199 173 173 173 173 173 181 181 197 197
253 262 253 253 263 263 263 263 263 261 261 245 245 253 253 261 248 253 253 261 254 254 254 254 261 502 502 502 181 181 181 181 180 181 180 180 181 520 502 501 501 501 181 181 183 180 195 198 195 180 181 183 183 183 180 197 173 173 194 181 181 181 181 181 181 181 181 181 181 181 181 173 173 181 181 181 181 181 181 181 181 181 181 177 181 199 173 199 191 173 173 181 173 197 190
262 262 253 253 263 263 263 263 263 263 265 261 261 261 261 253 253 253 254 247 244 247 254 254 254 261 501 502 502 501 181 181 181 502 502 520 502 515 524 181 181 175 181 183 198 198 198 181 181 180 181 181 181 181 194 197 197 173 181 181 181 185 181 181 174 181 181 181 181 181 180 173 173 173 181 181 181 183 183 181 181 181 190 189 186 175 173 199 196 196 173 185 185 190 190
248 253 262 262 263 263 248 248 263 261 261 266 253 253 256 261 253 243 254 247 265 265 254 261 261 261 254 502 515 501 501 527 527 527 173 173 173 181 176 176 177 181 195 195 198 198 198 195 195 181 181 181 181 181 174 181 181 181 181 181 183 191 181 174 174 178 178 178 178 178 178 180 181 183 181 181 181 181 183 190 190 190 190 190 181 197 197 197 173 181 177 190 190 190 185
253 262 262 263 263 261 248 248 259 263 264 264 248 261 253 253 261 261 261 261 265 261 265 265 261 261 261 261 525 524 181 182 183 183 174 181 181 185 181 174 180 195 198 195 195 195 195 198 195 198 184 181 181 181 197 181 197 182 187 183 191 191 191 191 191 178 178 178 180 180 180 180 181 185 181 181 181 190 190 190 190 198 190 177 181 195 197 194 194 175 173 177 195 193 185
253 262 262 262 261 261 248 261 259 263 264 261 265 261 261 260 264 261 260 265 253 261 265 265 265 261 265 248 248 261 262 263 185 182 181 181 182 181 181 181 181 188 173 195 195 198 198 198 187 187 184 191 198 198 197 191 191 181 191 191 191 191 191 191 191 184 185 183 180 183 183 181 185 181 181 183 181 198 198 198 198 195 187 198 199 196 173 175 175 173 173 173 180 195 181
262 262 253 253 261 263 262 259 261 263 262 264 265 261 265 264 265 261 261 265 248 265 265 265 261 265 265 265 259 262 262 253 253 253 264 264 174 174 181 181 181 195 195 195 195 181 200 185 196 199 199 184 184 184 196 196 181 191 191 191 191 191 191 184 184 183 183 183 183 183 193 181 181 181 183 181 181 198 198 198 197 195 173 183 195 195 195 177 173 173 173 173 181 181 199
253 262 262 263 259 263 262 263 263 263 263 264 264 265 265 253 265 265 265 244 253 253 253 253 247 244 254 253 253 253 253 253 265 264 264 264 264 186 181 186 181 181 181 194 181 181 197 185 191 191 199 198 184 196 199 199 196 191 191 191 191 191 191 191 183 183 192 183 183 180 180 179 181 183 183 183 190 190 190 186 197 180 180 173 173 195 193 177 180 194 189 181 173 197 196
253 248 263 263 263 263 262 259 263 263 261 265 261 261 265 264 264 264 265 253 253 253 253 253 253 253 253 248 262 262 263 263 264 264 264 253 253 185 186 181 181 181 181 185 197 199 181 181 181 200 199 199 199 196 196 198 198 180 192 191 196 180 192 192 192 181 181 179 192 192 180 178 180 180 183 190 190 190 188 180 195 180 173 173 180 180 180 177 183 177 173 181 181 189 188
261 262 262 265 263 263 263 262 262 262 263 265 265 264 265 265 264 264 264 261 253 253 253 253 253 253 253 263 253 259 263 262 262 264 264 248 253 181 180 181 181 186 186 197 197 181 181 181 197 187 184 196 196 196 196 196 173 191 187 184 194 180 192 180 180 181 181 181 181 181 181 183 178 183 190 190 184 181 181 180 180 180 193 192 192 180 180 177 181 183 181 177 189 194 195
263 253 253 261 253 261 261 259 261 253 253 253 265 264 264 265 248 265 261 261 261 261 261 253 253 253 253 263 263 263 263 262 262 264 264 248 181 181 182 182 186 186 186 182 197 181 181 197 197 184 184 196 197 196 181 181 173 191 191 184 187 184 181 181 181 181 184 184 184 191 181 190 190 190 190 190 180 180 195 180 180 180 180 192 192 521 521 180 180 181 181 186 195 195 191
88 253 263 263 262 262 261 261 261 253 261 261 244 244 265 256 248 265 261 261 261 256 253 253 253 253 253 253 263 264 253 263 264 264 264 181 181 181 182 182 181 188 186 182 181 181 181 181 181 184 184 184 193 193 200 199 199 191 191 191 196 196 191 191 181 181 181 184 184 184 190 181 190 181 183 184 193 180 180 180 180 180 192 180 181 521 527 181 181 181 189 173 195 195 195
88 85 92 262 259 262 265 261 253 261 261 261 260 256 261 256 261 261 253 261 261 261 260 253 253 253 253 255 261 265 263 263 264 264 181 184 181 181 181 182 182 182 181 181 181 181 181 197 197 191 193 193 181 181 181 181 181 200 191 199 196 199 191 191 191 191 181 184 190 181 181 181 180 180 192 195 180 180 180 180 180 180 180 181 181 181 181 531 180 195 195 182 181 195 186
91 92 84 84 84 261 261 261 261 263 261 253 261 244 244 253 244 253 253 253 253 253 253 253 253 253 253 261 261 253 253 262 262 264 181 181 181 182 181 200 182 185 185 181 191 191 191 191 191 197 201 181 181 181 181 181 181 181 181 181 201 196 191 191 191 191 190 190 181 181 181 181 180 180 180 180 180 180 180 192 192 180 180 181 501 181 530 524 180 180 180 178 173 186 177
92 88 88 88 92 92 92 267 265 265 244 253 253 253 92 92 253 253 253 253 88 253 253 253 264 244 265 261 265 253 253 264 262 182 182 182 181 194 194 194 191 191 194 191 191 191 198 197 200 181 181 181 173 192 181 181 502 502 502 190 181 174 180 181 181 190 181 181 181 181 181 180 180 180 180 180 192 192 180 183 183 180 180 501 501 521 530 180 180 180 180 173 186 173 177
92 88 88 88 88 88 81 81 91 253 256 256 92 92 92 92 89 84 92 88 92 253 253 253 253 264 261 261 261 265 265 181 181 181 181 181 181 193 191 180 180 191 194 191 181 181 181 181 181 181 181 181 497 502 502 502 502 502 498 502 180 180 181 193 192 180 191 180 173 181 181 181 180 180 180 192 192 180 180 180 180 180 177 501 527 530 188 178 178 183 183 177 177 177 186
80 81 92 88 88 92 92 81 90 92 88 81 81 92 92 92 89 89 92 92 87 261 261 261 265 253 253 181 181 181 183 197 197 184 184 200 200 180 180 183 180 180 191 191 180 181 181 181 501 501 501 501 524 502 524 524 524 512 499 499 181 192 192 192 192 192 181 192 173 181 181 181 181 181 181 193 193 178 178 179 190 521 521 524 181 178 178 178 178 173 173 181 192 181 194
80 80 77 92 92 92 92 92 92 88 88 88 84 84 84 89 88 88 88 88 88 253 261 265 261 181 185 183 181 180 195 180 181 191 191 200 200 185 180 180 180 192 178 181 181 181 501 501 501 502 502 524 524 524 282 282 289 282 524 499 499 192 192 192 192 181 181 192 181 181 192 181 181 181 181 181 181 179 179 190 521 524 524 180 178 192 192 192 181 177 192 181 195 173 201
77 80 80 80 80 92 92 92 89 89 88 88 92 88 88 89 92 88 81 88 88 253 253 261 261 181 181 180 193 180 193 195 193 181 181 181 173 185 180 180 180 181 181 181 181 501 502 501 501 524 524 524 282 286 282 282 282 282 282 501 499 498 192 181 181 181 173 181 181 181 181 181 191 191 191 181 181 186 190 520 524 524 180 192 192 192 192 192 181 177 193 193 521 501 196
501 80 92 80 80 92 80 80 92 89 89 92 92 81 91 89 92 92 81 84 91 91 84 84 84 84 181 180 180 180 193 181 181 181 181 181 512 181 180 181 181 181 502 501 501 524 501 524 282 282 277 282 282 282 282 282 282 282 282 282 501 501 501 501 501 502 512 512 502 181 181 181 181 181 191 191 181 501 501 524 501 193 192 192 192 192 173 173 177 177 501 501 501 199 173
500 500 501 84 84 84 91 80 80 92 92 84 92 92 78 78 92 92 501 500 78 78 78 78 86 86 181 181 181 181 181 181 501 501 512 512 512 501 502 502 501 501 502 501 282 282 286 282 282 286 286 282 282 282 282 282 282 282 371 366 371 501 501 501 501 515 512 515 515 502 494 501 501 535 501 501 501 501 501 520 193 192 193 193 193 181 521 521 501 536 536 536 199 199 199
336 500 501 92 84 84 84 84 77 92 84 77 89 92 92 92 78 500 500 501 501 500 501 78 78 78 500 181 181 181 181 501 501 512 512 501 501 501 501 501 524 524 282 282 286 282 282 282 282 282 282 282 282 282 275 277 374 371 371 371 371 371 371 371 375 375 371 515 501 502 494 92 92 501 501 92 81 92 92 527 520 521 193 182 530 530 521 501 501 196 196 199 199 199 199
336 336 533 92 92 92 84 81 81 92 92 78 77 78 78 92 78 501 501 501 501 501 501 501 500 500 500 520 520 501 535 501 501 501 501 288 282 289 289 282 282 282 282 282 277 282 373 373 282 282 282 289 275 275 371 371 371 371 371 371 371 371 371 371 371 371 371 376 376 502 502 501 501 92 92 92 92 92 92 92 92 501 530 530 510 530 536 197 199 173 197 197 197 196 199
336 336 336 500 501 507 84 84 84 86 79 92 77 92 78 80 81 91 91 78 78 78 78 501 501 501 530 501 501 502 501 501 501 282 289 282 282 282 282 282 274 274 380 371 371 371 371 373 371 371 380 282 371 371 377 371 371 371 371 371 371 371 371 377 371 365 380 376 371 375 502 494 92 92 92 92 88 91 92 92 92 92 510 509 509 501 509 530 530 501 186 197 199 199 186
336 336 336 336 340 501 508 92 92 79 79 500 497 497 501 497 501 501 501 501 501 501 501 501 289 288 282 282 282 282 282 280 282 282 282 289 282 282 282 275 377 370 370 370 371 371 371 371 371 370 371 373 371 371 371 371 371 371 371 371 371 371 371 375 375 365 371 365 366 383 502 494 92 92 92 501 91 81 81 92 92 501 501 509 509 501 501 501 501 530 501 509 509 520 175
336 339 339 340 340 340 528 512 501 527 501 501 501 497 501 501 500 525 525 501 501 282 282 281 288 280 289 289 282 282 282 282 272 272 274 282 282 275 371 371 371 371 370 380 371 371 371 371 371 371 371 371 371 371 371 371 378 371 371 371 377 380 380 375 365 371 371 384 382 383 384 512 501 502 502 508 85 92 502 502 533 500 501 501 525 525 284 284 285 282 501 501 526 525 528
339 341 339 339 336 336 336 341 340 524 501 501 501 501 497 497 501 282 269 501 501 501 282 284 281 289 280 282 274 272 282 289 289 282 275 275 380 370 371 373 373 370 371 380 371 371 371 371 379 371 371 371 371 379 379 379 379 378 378 380 380 365 371 371 380 384 384 384 384 383 384 361 361 501 502 501 497 534 534 533 533 533 500 525 284 284 284 284 285 282 282 282 284 282 282
336 336 336 336 336 336 336 336 336 336 336 336 336 336 336 500 500 282 512 512 528 501 284 284 281 281 274 289 274 282 371 376 371 370 371 371 371 369 371 370 371 371 371 371 371 371 371 379 378 378 379 371 379 282 286 282 286 289 380 365 371 371 371 384 384 383 384 384 384 384 383 384 361 361 362 498 497 534 534 533 533 533 501 284 284 282 284 284 284 282 284 277 284 281 277
336 336 335 336 336 335 336 336 336 336 336 336 336 334 336 501 497 497 281 282 282 501 284 282 277 277 371 376 371 371 380 380 380 370 369 369 369 369 371 371 371 371 380 371 367 371 371 371 282 282 378 282 282 286 282 282 282 282 371 371 384 384 383 384 384 384 384 384 383 383 384 382 382 361 361 512 498 501 361 361 525 528 525 525 517 282 279 360 364 364 361 276 276 276 277
336 336 336 336 336 431 431 431 431 340 336 336 336 336 334 336 501 497 269 270 269 277 507 507 282 371 371 371 371 371 371 371 372 372 372 372 373 369 366 370 366 369 371 367 371 371 502 270 282 282 282 282 280 282 282 282 271 271 388 384 384 384 384 384 383 384 384 384 383 384 384 384 384 384 384 361 501 518 361 361 360 525 361 361 518 361 364 363 361 361 361 361 361 360 276
